1459 3184
8212
835 2742
843 334
788 1810
754 833
644 2691
112 447
565 1483
66 1864
641 284
904 1332
489 1543
710 1072
194 30
1040 2865
1411 1325
322 2460
979 2584
655 2139
1447 1291
1200 2159
1233 1156
93 2990
22 2994
629 137
1370 867
693 520
1178 2323
673 374
624 1622
1031 117
205 1154
986 1711
886 2583
1025 2340
536 579
979 2183
607 2574
1035 840
1103 2439
385 330
691 1403
348 3028
723 2099
205 2168
1329 1134
1087 2517
1430 2845
410 120
749 1191
796 541
891 1995
520 128
589 2835
606 2545
368 1458
1438 103
952 106
384 645
970 422
1115 2538
275 2395
349 1954
1176 632
943 213
1052 2915
1166 822
1304 535
581 695
1272 2737
588 2452
1307 2474
6 728
1259 3069
641 373
512 2474
83 2910
245 2935
81 2177
861 1695
419 1867
330 2846
763 2789
824 1528
293 2261
759 1229
156 1582
618 1118
783 1208
1301 3129
1416 1473
776 1521
700 1037
419 1708
34 2072
1349 332
991 2184
274 2394
626 2283
1425 2275
519 2799
1258 1479
119 722
715 2028
917 969
410 2406
440 3124
561 483
356 2445
1048 2385
23 2440
1172 362
477 1652
794 2243
1057 1427
879 680
132 1652
976 2223
1345 2023
520 1657
96 1656
721 1234
693 913
924 530
857 758
1097 1900
58 2178
868 450
280 1603
301 1316
584 2408
1228 2305
263 20
939 2266
736 1248
1302 1089
1262 28
1066 2084
1298 1758
660 1119
400 633
121 2927
546 1886
748 139
1341 475
126 1276
1350 2400
1189 2660
1360 219
527 3119
1323 648
414 1820
730 1230
964 2441
1440 2127
719 1791
1358 298
485 2165
1100 1368
622 154
430 833
236 535
332 1046
102 1596
357 1915
493 2038
1302 1796
1025 835
1000 1634
1451 2898
1120 1958
460 235
457 146
1262 8
1449 604
355 2336
710 555
344 2500
1321 1237
41 860
117 719
1022 767
771 58
469 263
103 724
1207 2005
751 1736
86 180
845 1671
1071 2495
651 1204
345 813
575 52
1406 324
637 1608
392 800
1013 1960
1143 2708
351 76
540 1383
627 1433
1197 1808
981 988
1053 1896
1356 1753
389 2861
451 1128
656 2243
982 2419
1457 496
800 183
946 254
72 659
827 1512
1348 876
1255 2643
98 51
1240 652
39 1138
51 1235
645 603
1372 1721
356 575
36 1107
16 1147
1412 1152
125 2401
533 760
1159 1388
17 2343
1016 1672
1006 1913
1390 1667
299 346
1292 1801
1141 81
606 2741
211 360
1315 2332
1158 191
370 1509
437 948
1205 2531
104 1225
1042 218
116 3087
207 398
358 1484
169 1531
1305 1729
239 350
1076 198
641 478
372 1847
398 1074
16 239
1173 676
778 47
1402 2485
270 3162
686 1690
262 842
715 654
1133 584
490 605
97 2778
859 1441
651 1034
624 1885
803 3027
877 1593
240 217
190 816
353 2626
1061 1532
680 2424
1441 3125
1190 384
962 2088
1187 2296
868 384
256 1847
659 2691
1274 3160
183 2669
440 318
806 330
1262 3137
624 2818
575 2310
731 2579
1030 242
554 436
586 1836
1161 2199
639 2755
80 478
1402 2435
382 1093
1215 1543
378 498
315 2859
255 730
1372 2696
1237 2845
1018 2766
47 2069
54 2791
483 2263
308 2226
202 93
1218 732
164 1500
284 2893
1053 1715
1280 1380
95 1636
1088 1458
525 1319
891 1189
517 1729
654 243
1326 1458
487 1464
1003 2130
647 1869
4 1381
1373 1303
620 776
795 2076
848 2307
1342 2463
1029 2107
874 839
1197 895
297 2000
786 2058
1009 2830
153 735
548 2746
126 2265
897 365
822 793
614 808
456 1836
91 816
387 9
200 2633
295 2044
343 244
495 2791
442 2377
1002 2770
561 798
432 2659
1238 3147
673 2593
986 1605
1336 2224
898 220
507 879
1063 1424
1252 968
205 2914
1019 1199
405 1300
509 1307
1039 1838
609 1048
961 338
357 2864
670 985
743 2201
336 104
246 3056
329 2985
446 2664
79 358
876 2310
744 1253
580 2582
255 2386
693 2614
1005 1078
632 29
1056 2821
344 1458
732 1341
150 508
1113 336
332 3083
930 2204
293 1852
820 236
240 1036
665 389
284 1126
366 929
1074 1381
1295 2635
787 492
1312 1453
1381 1469
1354 371
1453 55
655 1072
454 2600
652 3091
118 2120
837 2903
1243 979
454 3151
954 484
766 2383
435 2366
679 3135
1116 669
483 812
834 1939
535 737
102 135
152 2752
135 2728
265 2225
1083 1394
1261 1107
402 3005
681 492
513 2297
367 2438
707 2651
1265 3069
1301 802
1278 2835
964 1846
1439 2906
1373 2979
233 605
564 484
127 1849
451 3143
2 1623
6 279
1030 398
870 151
106 85
874 1805
692 1255
683 897
382 424
1278 1800
155 1421
743 609
129 634
635 2706
708 2012
320 2204
455 2085
1125 625
224 706
1377 635
1401 1112
273 825
195 2035
1018 744
859 770
1161 1648
319 161
773 54
342 2446
566 1709
322 2534
1231 338
178 1210
53 916
1316 2224
976 921
263 3137
1087 1623
1228 540
393 122
939 837
126 2773
23 2227
365 1677
563 2203
1079 1094
430 2684
820 2447
260 2907
1339 3093
681 868
1149 1182
587 3061
1422 1020
1051 2392
659 2413
314 2835
1008 2018
834 741
1230 1846
1248 1621
825 2972
585 556
1266 1024
1357 3183
32 1090
32 532
915 1413
1302 2435
502 315
663 486
143 2366
1436 2931
82 1515
1133 2512
1382 2781
285 1133
859 1627
306 1856
193 163
1044 652
907 2653
949 128
1195 613
898 1577
819 3145
1288 803
951 915
227 1707
719 528
1007 1689
1296 2598
954 1522
330 1024
720 878
1306 3120
1315 3113
1128 1635
1215 927
303 206
1218 552
1279 1215
935 861
765 1945
1170 865
1456 1399
515 1987
744 3069
556 2609
173 956
1197 1039
645 2162
1070 2531
367 821
227 841
758 1772
612 2485
753 458
1316 2474
1265 3123
136 1359
431 3034
877 2292
1128 2545
1399 1077
381 2617
69 473
522 54
1333 613
1397 1811
1072 655
640 586
492 2381
100 761
980 742
1440 305
543 1575
308 1625
1095 1869
665 2564
702 2381
1393 309
920 200
979 912
725 738
257 1084
225 1210
335 2576
877 2439
649 1907
459 3035
626 761
306 2914
1338 136
96 654
576 2001
407 2229
674 2976
878 2373
170 1133
562 323
1164 1815
566 249
565 3039
1259 1724
110 1742
812 2512
1095 2301
1430 922
945 1768
216 1971
1364 1889
1210 445
1334 2644
503 2795
943 1206
547 1919
564 3103
529 1291
1071 886
1227 32
1342 806
580 2933
1365 2240
241 2602
478 1884
143 1166
505 1700
395 2958
952 3022
1268 614
304 1884
1114 238
216 128
614 1268
198 1027
442 2774
1244 824
112 2988
1238 1528
43 861
1393 2859
1254 935
90 1645
1038 1233
212 2551
681 1317
1093 1419
1454 2186
928 2640
1065 2392
247 2815
348 219
809 2063
1423 1572
188 1661
940 627
264 1073
1414 2422
203 771
445 441
292 1459
971 2722
94 2320
1327 1720
946 2420
391 110
340 100
964 1069
1119 211
647 2832
205 984
1356 1614
139 2641
992 2914
441 3059
101 1727
269 2956
1245 1365
1053 2132
917 3139
859 1312
348 2993
468 2975
146 1952
19 2196
1147 2421
415 791
938 1878
1191 1830
977 3057
627 1301
1359 2323
785 1729
124 2527
753 34
1037 398
924 2332
442 1459
1053 1804
248 1367
1274 1262
1282 1475
177 389
844 2017
173 1860
1043 2291
456 2396
1249 2666
414 892
501 1710
1304 3036
116 490
168 1541
582 2645
296 939
90 1669
1377 1293
1148 2687
903 1443
760 1980
597 2274
1004 1355
436 177
1059 1968
881 1462
689 2097
690 2835
614 401
1206 1267
1033 1800
192 2638
1255 3052
1359 2324
480 566
535 3081
1212 2024
502 254
1038 2863
1424 1162
432 2738
529 1246
991 2919
1272 730
245 2578
1073 1036
934 197
259 1220
298 1094
41 2244
961 1155
1190 722
263 2441
73 3060
1136 1053
1080 1153
182 821
160 707
1006 1126
658 2749
1219 2700
982 635
1306 777
1157 2434
1132 829
555 2936
477 107
39 495
883 244
599 1731
1046 2921
559 1907
561 1608
512 3110
748 1613
966 288
1174 78
60 80
989 523
770 2884
540 47
894 3088
843 2813
852 879
1069 1397
582 1728
790 1161
3 2158
1033 1266
706 2454
32 533
156 1118
453 1631
1061 187
1315 2896
1268 2969
509 1225
954 1594
784 2876
911 1046
803 561
724 261
1073 1580
486 583
706 1149
990 2198
1158 454
129 192
817 2743
1339 73
1330 1694
666 2941
1254 1042
1352 1082
1255 278
721 459
636 2413
876 1478
91 2840
147 1834
555 3005
477 700
1128 2834
517 2900
635 2525
1012 316
181 3127
1162 2570
296 2902
444 135
821 466
143 2219
320 979
589 1509
733 2583
1260 1655
978 1446
268 1724
246 1785
126 1402
1421 2917
1382 1371
293 3001
35 1397
882 2177
411 1454
125 2839
188 2395
378 1413
315 2008
353 692
1098 2903
1251 548
426 2447
729 1248
1241 988
586 2324
949 2839
992 36
1429 615
589 2470
625 2422
591 1020
1263 259
405 753
1198 2579
1015 1169
703 1761
1395 2784
1415 2560
967 2892
1215 2689
893 1937
615 1547
1205 2968
518 593
805 1037
1241 2080
821 802
984 1986
272 1985
1318 2391
710 2288
535 1544
761 1125
204 1402
244 301
1196 254
1141 316
1080 1257
1016 810
274 435
1334 2694
244 3168
151 124
365 2953
215 1307
118 3084
377 2869
1381 1497
956 948
946 1354
447 17
401 349
499 2955
769 2970
749 1185
815 2073
1072 570
730 886
1202 1425
553 2916
1087 2673
1388 971
1227 2051
251 2127
1139 3099
420 53
979 886
393 2804
1329 445
1456 3051
1371 2125
483 1423
790 1144
1423 1129
536 485
563 2653
1095 1257
418 424
331 2344
1443 1787
837 237
394 1848
58 1741
1024 2838
1096 3111
701 2276
256 932
751 1260
360 1248
1139 81
477 2172
505 1618
624 1583
1395 2731
648 883
723 361
1108 2490
949 723
1426 178
748 2184
269 2260
38 510
872 2426
1121 340
216 3139
480 2992
121 1666
1160 1701
1440 1311
764 2559
251 2291
281 1728
945 670
1389 418
1216 3122
811 1018
1243 556
1275 183
1279 487
134 3012
873 917
518 939
1344 1997
556 1869
21 2943
468 2773
3 2767
889 1509
434 848
1272 2303
1054 142
635 1833
935 2714
754 1940
543 515
1116 2145
957 1576
236 945
64 611
109 843
25 2534
659 1298
252 2064
984 2730
306 890
1342 109
184 624
1416 478
1023 2182
763 2624
1262 2007
59 1333
418 1414
1069 2381
185 944
1409 2884
1258 1036
827 2296
783 1119
168 3009
1214 1198
251 771
264 1723
454 2446
152 545
1392 2685
548 2247
813 496
40 1470
1041 1392
1343 1818
912 1051
651 1647
1218 3128
128 431
1146 2708
974 1239
770 1785
1387 1396
168 3151
201 2512
921 2927
163 2037
680 828
797 1192
1090 205
1101 927
453 1043
1122 2875
933 639
460 1599
1107 579
1417 1461
466 1737
806 2380
881 2690
1417 3172
973 2599
1368 905
1175 1129
1269 3166
1408 1405
1141 2539
1054 1229
213 309
581 249
1127 1934
1155 2684
923 1281
742 149
447 2037
1387 257
10 313
1242 1599
591 203
92 1442
1246 3086
748 2644
256 1354
667 1648
722 1283
953 2750
853 1992
316 2287
420 3183
337 629
832 877
662 855
1156 2877
391 2796
86 2061
721 3105
188 1370
811 2967
1226 1843
1015 1073
1101 1469
852 853
1087 707
699 2536
1121 2442
1247 2200
1193 612
409 2162
199 537
884 2019
650 2536
585 2359
187 56
352 1920
1212 1308
1276 3020
1351 1126
647 1850
1341 2359
463 1928
1138 3115
151 1028
661 2257
564 2314
104 1184
1235 2470
315 67
22 2575
302 375
426 3152
1108 2492
934 1728
353 813
662 2773
140 2316
767 3056
1311 945
724 2499
734 2656
645 2614
1212 1378
247 810
414 949
610 787
618 3104
1105 2518
1046 2742
610 24
384 2208
758 432
1339 3000
348 2201
1422 1375
962 3064
910 1502
636 214
1113 509
420 290
1075 95
829 2189
1121 1107
1396 739
251 270
950 2319
204 1956
1360 1142
903 3141
225 30
1321 2161
682 1053
444 2491
1086 608
338 222
1060 1839
1131 2405
760 406
577 2362
1309 2019
1340 2747
1110 1293
332 3133
278 2701
1002 1865
523 1549
1279 1080
581 1544
573 1535
284 2716
1182 348
717 1939
449 2057
1034 752
1126 239
1300 882
199 828
327 2776
1004 2878
839 1880
415 3169
789 559
1131 1304
399 2455
966 1886
1283 2832
1386 2483
845 2292
1068 2890
400 359
178 2321
386 414
442 2909
347 285
1272 553
557 437
718 457
45 2386
1224 2374
949 2988
1229 1741
162 2084
205 2968
737 915
272 2876
1147 2990
24 177
1308 1090
1118 1982
1171 1673
1128 785
941 21
347 2700
243 173
1065 2599
1361 1361
593 141
898 253
1116 1538
352 172
1320 2442
761 2613
433 226
534 311
721 398
23 324
1380 76
393 391
1401 918
866 649
1198 59
1234 313
1358 3013
1115 2909
1386 779
708 1253
672 2647
688 1749
1438 1072
1118 1364
1018 714
1034 1315
1221 522
630 937
995 145
1409 2767
173 745
129 2250
1059 2768
825 3075
317 1745
826 1451
869 2107
1280 150
288 1242
853 977
882 1818
518 2196
983 2745
689 2392
775 1482
1129 827
92 840
429 2190
271 634
182 382
543 1897
1216 3059
284 1335
620 1964
851 297
1276 2061
983 3122
851 2737
375 1013
1169 476
1457 573
431 1263
78 2068
1453 2303
1235 2988
1267 1172
436 660
60 1881
277 680
178 135
376 3063
960 1730
366 2536
866 1785
700 66
1100 1564
228 160
254 1802
1450 1677
1079 2699
331 2522
1407 2178
918 2963
570 3008
230 2111
1303 2678
40 1682
531 2096
219 2560
1020 220
661 7
625 2698
799 1525
815 888
292 2231
1023 1161
1348 2316
777 304
858 3061
1215 2554
628 1102
904 1261
312 2823
602 179
489 733
846 3095
696 1685
1208 737
1007 1694
319 763
1384 249
756 2988
436 1007
916 3010
882 2652
647 253
278 865
710 2145
67 429
210 999
380 851
1297 136
1129 2550
838 1007
496 1036
637 1164
346 2911
764 1327
870 1278
911 610
163 206
898 1941
251 845
1074 653
315 2868
25 782
127 965
81 1189
722 684
198 1708
988 768
1237 2403
661 1156
234 1290
754 2100
302 648
945 2329
1011 618
827 2569
325 2659
858 798
413 1656
968 2705
646 695
831 1426
768 2693
1324 1029
1056 1253
432 2319
22 1821
202 995
1281 62
1388 1936
962 185
1444 1472
297 941
1408 1902
903 1742
1227 907
447 3094
88 769
329 1814
669 1324
1327 2834
69 296
575 1486
83 2684
102 1505
71 1217
588 2208
85 745
936 1838
65 1836
1184 807
1436 1102
149 1961
454 2876
566 287
1038 2547
758 3114
755 1392
1254 2757
348 2335
19 1167
1256 3
204 1191
193 2465
1410 1112
64 2703
620 3107
1196 2563
447 622
884 820
52 1295
430 277
719 208
1238 3093
1036 1054
1322 294
455 1126
86 845
1386 1475
640 238
443 2055
417 944
1170 1324
1457 206
380 3016
1459 2359
892 668
519 1244
1423 1703
1385 1896
776 2744
684 1509
871 2220
521 2072
169 1877
556 2464
1367 1566
74 2257
1172 681
1352 1556
335 265
203 874
477 678
1292 2224
504 548
868 2893
760 28
1290 409
108 1515
440 2676
180 336
657 1141
413 606
903 640
92 1791
1388 2612
56 2407
52 1958
1144 2181
953 289
1210 2606
1073 1069
50 526
1392 1382
1176 991
1182 2897
1198 296
776 841
415 168
411 2862
315 917
1135 521
348 1514
1114 2580
207 893
1401 251
82 2139
122 2601
1191 2839
1078 2478
106 1697
594 1684
169 839
485 192
823 2623
869 428
211 2398
390 716
1396 1529
324 1915
107 3114
1197 1706
195 1367
214 1767
608 843
527 1107
1164 2002
1213 69
1262 1697
880 1712
656 381
1397 2844
1216 1074
300 2807
888 698
1429 108
204 1791
726 2318
1088 1357
1014 2627
1004 1337
241 426
1136 1120
844 1383
781 1238
564 1190
937 2359
883 173
125 2708
72 1015
995 881
616 3046
1357 509
989 357
1342 1986
630 528
478 2661
510 2103
1053 2509
505 950
982 273
501 96
73 2161
831 2497
1396 507
184 1895
423 40
501 2016
13 1606
970 1488
322 419
670 1281
332 247
413 2764
361 2840
700 685
1338 2139
1397 180
131 2576
206 2020
112 1123
484 2503
1042 1787
636 2700
374 2790
906 957
885 2838
130 447
446 503
771 1762
433 2270
119 481
108 1536
348 348
996 824
253 1652
664 2828
1100 959
344 2641
404 2604
1191 447
865 2611
549 668
942 174
206 2944
89 1971
924 2743
909 2372
1256 424
1316 3061
812 1865
571 1961
1358 2095
1440 1175
1094 186
1138 1859
331 1892
111 66
1042 2308
888 675
1249 51
190 1445
1013 1254
1287 2851
912 493
793 680
1066 2988
270 1872
72 1309
599 317
535 2444
1387 920
84 2096
541 1455
592 1967
472 3077
189 2635
292 2425
902 932
1080 1861
217 2283
1199 1682
718 2739
743 2988
1319 696
1320 2739
802 842
53 1898
182 813
556 3183
270 1536
1452 588
93 3169
621 1716
27 2651
1326 1995
327 3128
268 867
715 1913
961 2804
403 755
975 2640
285 2738
191 2464
458 1138
356 2648
1045 2882
994 716
973 2001
970 2226
307 151
1083 2966
162 1686
578 2753
1088 1186
1022 2869
1248 1269
1088 2238
1081 1488
605 2619
151 2570
1406 2594
675 1330
990 833
491 825
983 3019
646 533
4 2353
862 35
952 1168
1215 194
567 3070
496 2980
1236 372
1015 1956
1451 1611
938 1667
320 1138
203 2126
780 205
937 195
1110 1885
551 2050
965 3032
758 2881
474 2681
1286 968
852 1004
775 1193
813 2563
596 157
28 2437
774 3049
772 1101
556 1776
1439 3178
1350 782
307 1698
710 1237
668 2164
82 1623
13 2292
634 491
392 3088
1030 672
873 2860
964 66
1036 1521
27 8
319 1794
403 1526
1426 1595
719 449
536 2237
1382 1925
599 2382
469 1301
1194 485
1296 1943
115 2172
1438 2070
1179 2027
1249 2388
1156 1777
1425 2587
1234 1157
892 424
975 763
118 2930
897 1938
580 2880
223 1569
1125 2932
1268 1447
1016 2508
170 1597
301 2591
561 1853
260 2591
496 310
246 382
1236 1778
882 3081
1313 2214
287 2893
886 648
9 593
980 837
1103 810
337 2170
1357 570
1295 2668
1130 226
184 1954
1164 460
802 658
1397 1739
1454 2506
141 325
743 795
1379 634
672 1099
701 3075
1411 173
406 630
82 315
596 1856
734 2061
997 1685
339 1954
566 2266
92 774
430 814
769 1886
1388 2816
769 2571
518 1333
369 899
869 1174
1008 1039
1403 2775
1428 1496
1166 2852
115 1765
1405 1791
503 414
1130 2314
612 1689
662 2308
479 993
1366 1271
475 263
436 226
359 2687
946 630
1237 2375
450 1434
878 235
57 1972
574 2459
19 820
616 296
225 838
1030 1288
205 1132
1369 906
772 979
685 2929
82 382
659 2903
1212 1227
973 2737
515 289
394 1793
463 1822
1099 756
1123 2876
979 2239
544 697
518 1271
1211 2667
686 2004
206 2736
1194 659
835 2895
223 1059
338 950
1177 963
133 123
826 916
22 2893
1123 2079
181 780
1277 385
82 2718
1100 2880
761 821
90 1438
492 112
650 2204
363 2012
965 1523
1076 117
373 764
1417 2545
202 474
839 831
337 1864
547 1713
1418 1578
101 158
1360 2026
1275 1317
384 967
1193 2219
214 1615
1258 2241
541 1460
1428 1945
442 2453
1173 365
537 2654
1222 3129
85 2640
466 2535
202 3184
1161 1514
269 531
1254 2374
1318 470
604 2315
185 2442
541 818
769 859
816 55
1333 2088
33 1601
1334 2300
1216 307
800 1326
962 2199
776 2379
705 2816
1453 2658
728 1565
1412 1301
1182 654
1039 1798
1440 2495
893 659
451 746
683 1547
708 2979
794 2703
794 415
626 2821
1392 2140
607 177
819 148
971 2775
271 2919
134 315
1011 2934
271 875
1322 2766
765 2483
1290 3005
365 2629
1008 2541
78 1028
1007 2233
730 1871
836 2229
977 2250
710 391
229 2993
1440 455
553 1865
816 1126
84 2949
206 1766
15 1806
32 796
698 428
1063 1435
321 813
717 687
773 1333
53 3073
532 765
758 2736
911 817
500 370
1046 1066
1321 2711
654 873
887 749
698 2016
755 1579
1184 1381
1145 2277
1050 2956
1046 1310
980 2320
355 2092
1294 2701
310 912
861 2118
1249 144
43 2738
572 250
7 3090
271 2629
523 3025
1004 2196
1307 2423
22 2264
718 2136
1367 2918
330 3126
1116 2570
741 1173
724 2282
569 2525
359 442
532 2757
33 1591
738 1903
1422 3076
1395 835
766 3025
441 2015
1125 124
789 863
1312 1018
502 814
172 2008
1198 1561
825 350
248 93
1432 1237
515 125
470 1657
1079 649
488 2671
777 2087
371 951
764 1943
194 785
1040 1875
603 2941
1248 2568
594 2092
1253 2817
184 1334
849 894
887 2354
1397 1447
1244 2256
465 864
739 1041
118 624
102 1582
1330 2701
1317 3159
1393 714
734 1079
554 3131
93 1906
952 1903
891 1523
1392 2212
1431 750
94 1331
760 483
442 50
1266 2387
1336 3108
1054 42
1356 1074
1060 1935
302 1585
1029 1007
465 461
69 1159
53 637
159 1187
468 1098
1335 230
1084 988
54 1473
626 1609
1284 1492
573 2114
1300 443
1186 1235
737 1398
1410 609
1046 324
1059 1565
910 1906
320 114
115 623
1343 2393
498 2402
154 944
1007 2019
1101 472
27 1141
613 1834
897 368
1031 3162
476 2343
811 241
456 1149
457 144
969 2652
311 288
450 737
1111 1386
770 225
297 1545
1179 3180
914 400
672 572
84 1153
897 1379
1051 1537
819 1911
101 1334
1281 1460
1440 398
387 1808
543 2099
1422 1396
1198 456
1083 1395
1044 1244
1288 1321
366 2157
349 2950
1101 2434
836 1139
691 1868
421 2809
11 1855
812 2082
1243 1275
1215 3012
294 589
667 1640
1223 1596
184 2698
1268 1846
808 842
61 2093
564 2754
1358 2793
67 2353
804 1033
969 803
414 68
1428 1166
417 2751
918 1713
662 986
705 1181
1131 693
799 573
149 442
926 1081
1444 2099
428 2926
660 1584
972 1131
1090 1334
1136 87
1235 1837
999 2753
1012 1635
855 705
1391 379
1413 3003
344 621
43 1160
804 155
835 1526
1344 2765
1271 520
1123 2837
168 1164
1233 964
513 2036
1442 2282
911 2312
469 2589
617 2936
959 864
712 2293
592 1172
412 2330
544 1073
1301 1696
1190 798
1021 3177
372 244
890 2317
612 1317
1321 1729
64 2427
430 550
1200 309
186 356
1137 1532
141 25
1200 1502
1181 3150
728 2780
245 2895
235 1939
8 2341
666 2502
467 199
535 348
408 2319
428 3117
1022 1926
943 2629
1417 126
697 2543
737 2143
1075 2047
1213 1846
304 1370
846 2792
1348 697
883 1324
1092 3114
768 3082
1023 763
665 1648
310 2122
1327 1974
371 2004
709 1051
114 529
791 1291
285 2977
1397 2430
534 2201
1358 697
365 1098
1162 1137
119 2379
550 2215
1054 1250
153 2842
27 1082
1114 605
868 126
904 1294
113 177
1393 2771
396 2717
540 663
402 842
1226 1869
1292 2680
693 728
1096 550
727 674
318 1820
282 1177
359 941
1069 953
1303 668
952 2532
874 1009
133 1251
768 1219
291 455
1383 2412
1029 2402
445 947
756 2004
128 1524
1368 1991
1454 3135
1026 141
536 2290
1208 1626
197 1814
1123 345
180 102
479 2950
853 770
1459 1156
1043 2723
644 2472
149 3133
1061 574
477 696
1142 1263
1150 2002
420 2337
713 1807
1022 204
1248 767
1250 2537
133 1462
488 2171
66 2906
1023 2836
603 177
330 755
970 2775
1442 3032
595 2352
562 2761
3 1449
841 2390
829 2270
297 1489
1292 2575
721 2835
171 963
946 251
416 2126
1435 2745
811 1202
1006 1599
17 871
1282 3044
716 2931
1395 485
222 1661
521 1803
1187 224
855 2955
319 334
1445 695
507 517
252 1824
80 2865
62 2454
1449 1756
358 2839
1100 621
828 1810
468 2319
1108 2614
973 2923
1386 227
940 2128
1180 417
595 2190
439 1622
636 650
1356 1261
300 425
1361 2730
714 1644
274 310
258 2742
1081 1040
945 1293
344 2787
1280 3092
80 217
809 1113
987 2743
595 1253
1117 1616
163 1226
345 1001
1399 2156
389 205
1375 3109
583 1198
1117 377
358 161
1164 1896
646 2735
1442 3115
872 218
94 910
1129 2242
991 1852
1413 517
381 1943
1063 594
260 558
1249 529
1159 1696
1435 3122
100 730
1263 2399
528 1558
709 1374
1141 668
676 1896
253 1426
1369 1366
1458 2942
1342 2585
929 1910
285 2461
399 2153
225 1126
1390 259
901 2292
216 647
1344 548
774 1849
666 703
189 576
618 1117
339 2876
290 817
625 2421
76 2548
708 1749
753 2707
514 1325
877 2711
1006 1789
1156 1948
581 288
290 2627
573 2365
254 1311
565 929
934 356
1001 1202
517 3101
901 321
453 2976
1198 274
282 2665
727 2251
1178 1645
386 729
459 2625
187 3089
555 1451
176 1178
644 2959
1120 671
213 681
484 717
581 1043
593 1131
441 2506
1433 177
684 1355
1013 1566
1176 879
389 2626
1432 2327
776 1659
674 1220
1235 2808
756 80
1348 1564
15 2938
499 689
531 2047
1181 625
753 452
920 707
967 3155
949 2800
1122 1560
809 2436
336 2338
954 1971
742 2012
596 2670
583 256
961 2835
137 2166
457 2613
825 162
836 54
466 1766
230 39
1452 1530
1445 1827
558 247
113 2338
1203 981
156 1594
64 2699
419 726
539 903
39 1790
1395 2932
1125 1397
220 2797
395 648
452 2622
109 427
993 2946
286 572
63 2094
424 450
389 2440
897 1128
1178 2143
1130 2835
9 2269
1186 20
335 889
1028 565
340 2891
269 1586
883 2320
1328 1142
97 122
394 1401
852 2990
1428 2667
1035 1297
1276 586
218 1656
1243 348
131 1771
324 648
1181 406
614 1894
953 1776
754 2670
583 1069
1155 362
717 718
98 1066
290 2263
1003 1074
1192 2038
24 3161
713 1739
369 239
677 786
1230 3129
1304 2819
429 1834
285 833
944 2031
122 1430
1171 1174
222 946
934 844
964 2392
1018 53
782 1042
823 2869
1309 655
1083 1445
382 685
1381 2766
1128 2672
1231 1142
586 1621
760 1039
1110 180
1293 2564
939 17
1332 2312
171 2081
51 838
1313 690
118 2441
330 2149
564 243
381 182
225 2260
1242 1271
430 1125
501 488
701 235
734 497
1291 443
1311 386
10 1685
9 3051
535 2891
264 2105
246 647
1400 1029
843 2288
1341 1847
417 1056
603 2441
569 939
309 907
521 1831
1088 872
102 3155
53 261
1396 1357
1305 403
95 1452
931 1620
975 1503
172 2901
1398 769
1224 1523
559 1664
586 2123
389 2739
692 3018
947 1906
38 1780
454 1207
845 809
1218 775
893 1
132 889
1286 550
1083 1565
453 551
1014 2522
583 472
243 2412
899 2560
1000 196
778 918
227 2259
488 44
1289 1181
1104 664
9 2727
1090 2374
1167 411
43 2525
458 390
1330 2350
1203 638
1098 2660
289 822
239 1385
1204 627
1198 2850
364 1203
885 2616
489 872
549 145
124 2564
1163 1188
1150 2919
325 774
536 1949
1062 187
452 2393
896 46
1101 908
1125 2493
520 466
1280 585
1135 489
559 2772
1382 2156
18 2801
1024 41
909 1656
752 567
911 1804
1184 2582
1392 1130
351 22
974 93
1278 1248
283 2944
197 1354
866 2548
367 1186
351 1547
670 957
273 2475
827 2750
746 1951
30 2545
337 2620
1021 2149
1185 3050
344 2743
33 2170
1109 2783
428 1149
1252 1549
723 808
139 2759
1441 982
212 2895
204 634
3 2373
502 2437
1273 905
654 722
1101 2070
66 351
1346 2423
466 2354
809 1425
605 16
319 1281
772 1696
1212 1690
937 1301
212 1282
7 245
399 793
578 586
702 1907
55 840
51 1639
1073 2423
1394 1599
612 1330
779 2160
387 1824
339 80
1102 962
1262 407
933 282
179 193
785 581
160 71
1337 2515
1248 159
721 3133
1280 2464
210 1161
223 1302
1270 1067
1150 3073
738 784
557 2261
1300 2716
802 3138
966 2436
361 944
1041 1941
1402 581
1168 1617
652 1878
1113 168
1077 1605
669 516
1091 2975
48 2819
661 2047
849 2948
164 1336
270 1300
410 1893
1347 2050
1439 693
1444 2009
872 2030
1084 986
411 88
1168 755
1239 728
866 435
1179 891
1089 2151
1252 1400
1425 2942
250 2855
990 2468
1271 1612
800 3006
714 1055
1029 2420
137 996
253 2711
602 746
434 1593
742 2288
156 2732
21 3105
50 264
520 2959
445 970
350 3092
384 601
592 1564
832 2753
245 342
1398 2114
1181 120
245 2739
312 1338
1193 579
1251 2432
658 3094
1038 2510
232 49
1202 641
1189 1994
296 1880
75 2471
533 2799
1427 2874
382 2748
503 1147
840 3183
1315 2880
51 179
615 2433
1255 1903
1317 2122
698 2274
1329 1506
102 2061
162 369
745 1855
75 2693
152 2842
233 1715
108 1724
151 2349
192 1056
1186 290
29 542
819 2244
694 726
162 1513
788 595
1086 2260
1397 2635
914 1283
1052 486
349 3093
1172 686
525 2936
1235 2143
131 1660
460 1663
185 2182
1097 1666
717 2053
259 1171
773 809
878 2148
703 1431
881 296
923 2671
988 2050
129 195
584 3018
908 125
517 118
1308 1573
837 2011
1311 711
187 2855
54 1670
662 985
1159 1418
1226 2019
1227 2775
1145 380
652 1984
199 2156
337 2956
999 770
430 436
622 1028
735 86
481 1005
1194 2495
505 1530
161 1802
1324 1751
1086 2357
1448 2282
1043 3000
1011 288
83 661
76 3002
79 413
641 2390
1451 706
822 187
289 830
485 2243
665 1320
1427 1479
950 3164
1433 1915
1312 1081
480 2369
1153 1180
392 1243
1216 467
664 2848
1036 1083
709 677
916 1009
259 2957
1063 641
969 558
1066 2096
840 1402
352 1109
50 3020
1158 161
448 2258
678 1902
1115 442
39 71
659 1315
562 963
517 100
655 192
965 2758
1002 2834
177 2983
247 3137
897 2145
1116 2705
768 1531
835 1336
1145 1960
482 2104
1153 1186
420 771
1238 2360
1355 572
1304 1880
1035 1945
92 2664
94 814
845 2725
695 2812
953 603
317 3014
751 1367
909 2827
338 2011
1236 787
1119 2280
1132 2280
206 1774
870 2287
98 2602
29 1882
625 669
213 2219
195 2728
585 592
894 1541
267 1888
1328 346
786 2138
1 1710
116 782
192 1830
1100 1100
360 2480
742 869
759 1691
1285 2433
1146 72
893 2050
448 1614
730 127
139 1524
820 2016
879 175
1308 1270
836 1235
79 659
91 2623
57 2156
1123 634
232 2810
165 2854
1146 1868
942 2185
288 7
1059 1997
360 1813
1078 390
15 377
587 878
132 2777
353 439
102 2251
295 689
710 1579
333 2654
460 1727
86 2065
774 3123
821 1200
1438 799
242 835
684 204
86 2695
971 2484
51 1732
462 909
1346 595
856 1102
634 580
542 1371
1327 1728
1105 1012
1285 1929
948 543
318 1871
106 3136
625 738
1321 895
185 3177
263 1627
255 2374
415 2541
618 2269
1116 1745
688 519
1218 420
445 2254
348 108
861 1107
619 648
445 3044
1410 190
555 511
386 2274
1092 362
919 2533
1050 1431
1350 3172
116 3056
213 1391
705 1679
623 1347
575 2535
507 1834
802 43
504 1230
568 2162
553 1552
594 200
778 229
1298 1408
414 750
943 2235
643 1571
347 2122
408 1265
347 1979
466 2539
906 517
686 1213
285 145
232 1020
1356 1818
269 2754
1339 1641
234 1692
104 2249
421 793
502 3123
18 1609
11 1988
467 2580
956 1289
775 2654
1159 1248
787 2478
811 1927
410 2021
929 13
950 856
1025 2233
816 80
1164 823
18 458
656 2036
1048 432
545 874
284 1764
707 2395
1352 847
633 1427
258 412
1440 825
998 2498
115 2494
315 2480
403 354
1209 2538
1280 301
482 1876
577 513
1167 153
1289 2463
1388 2885
1104 1516
173 772
828 3012
804 230
545 2229
958 1601
435 2543
1293 177
160 629
6 1325
814 3138
1228 190
702 1956
126 3119
877 502
92 250
943 2149
917 2875
708 2538
271 760
1428 1831
1255 2058
703 3078
845 2443
1192 2715
517 914
264 1565
1328 3182
1379 2524
875 2288
760 1493
695 2891
174 2805
761 1952
1003 1899
554 959
371 1722
347 1929
388 1398
1094 2012
37 1028
726 605
534 20
538 2693
961 362
126 1702
920 1409
153 1322
961 2770
668 766
951 320
993 1128
224 369
504 2740
1145 1965
29 2970
14 1549
754 3008
298 487
970 340
428 194
212 1317
1009 1341
1385 1772
752 1465
1456 525
1168 570
1271 746
788 2172
1273 896
1337 906
579 733
36 1486
1306 3156
1306 762
262 257
62 2317
791 2191
1255 2659
1232 1071
870 1871
642 1329
943 1885
1316 816
76 2228
1349 1940
998 542
1439 3135
557 2244
776 280
1375 1827
1214 2257
1149 3032
1240 3178
248 3122
806 1796
1294 1583
19 2478
333 880
222 1214
539 589
1137 33
57 946
517 1384
872 794
1188 678
644 2064
402 1265
481 1259
227 1
764 2708
1421 259
36 290
1019 2936
417 1731
381 1435
1216 2377
733 1499
480 2067
243 489
899 2847
953 2495
960 929
114 2179
878 1353
556 1314
620 823
888 46
924 2423
1355 2879
849 2457
828 2986
1027 1231
45 83
831 356
1093 657
1023 1274
770 2817
1053 1501
135 2379
598 2550
112 1241
1021 206
1165 2504
674 1675
682 2697
850 2380
740 1582
348 50
155 2683
426 1968
161 1915
367 1640
1249 1004
189 2055
1213 2775
1191 1218
842 2941
515 494
186 311
825 711
512 1721
1084 2153
488 1069
337 164
766 2978
480 3166
1241 138
139 571
1123 2649
1282 2753
1044 162
105 1894
789 66
611 979
1133 14
1110 1141
178 1443
1337 1243
104 1846
1069 3051
997 1950
1015 1438
675 2269
115 2887
885 366
735 914
930 58
125 1241
566 2753
522 2270
769 3182
55 1324
644 376
702 1129
425 79
1171 1107
742 2485
1302 2707
1011 1965
1171 253
491 860
664 327
917 1344
1240 1386
799 2545
1171 651
1115 688
128 2923
822 1373
1271 1197
343 1453
999 1044
1336 2525
1243 1623
108 2808
181 4
96 1684
725 1271
6 2014
1455 1635
391 2994
1157 997
572 508
329 2591
592 631
25 1274
1248 994
557 540
841 960
70 1575
1175 1661
530 1901
1337 2648
742 192
1181 6
267 1291
135 1223
1313 1619
679 2084
1101 2205
359 422
90 3177
720 2809
1176 800
978 3051
1015 2805
557 2629
219 831
733 2715
981 792
808 1162
1433 1015
1256 2831
167 2703
828 456
225 888
1270 2542
958 361
993 2691
1386 1127
129 2558
626 88
838 1597
198 303
828 418
1148 589
393 476
1092 2783
1430 2556
130 429
58 228
673 461
935 1534
560 2298
1092 1898
951 3008
257 50
1120 2367
810 1673
1374 1670
359 595
1444 803
299 1460
1014 2200
1304 353
1015 557
785 946
900 2665
242 1027
465 217
1137 1391
1197 2284
1179 1726
182 86
1119 1644
1026 2685
1417 2376
1202 3125
1317 2396
727 540
174 1149
63 1577
79 1700
620 150
697 1246
431 1012
1399 647
707 816
558 2437
179 2094
302 749
378 1682
269 329
1231 524
1164 1672
587 2417
624 142
182 1540
348 2846
1322 451
1204 1428
1395 3084
380 2572
798 2326
752 2320
195 2569
956 1971
872 1370
725 1092
1246 2610
1088 2694
278 2934
1445 2414
999 2644
1046 2652
1100 3013
901 181
145 1579
647 1896
525 821
718 2584
229 1659
1134 1645
1088 2729
208 1776
346 1772
1214 706
782 560
830 2029
604 252
1178 2678
600 2653
1346 608
494 1397
579 1708
1225 2473
420 40
1425 971
744 3080
655 2961
773 78
1124 128
460 1477
1388 151
1448 1044
65 1419
54 487
1283 1642
697 140
325 1385
1447 2113
180 868
1038 3147
1459 327
44 3037
820 1506
1208 1940
1124 3177
73 86
650 771
160 591
177 139
593 525
643 2586
800 2099
714 1813
139 2450
978 3160
1247 1700
749 861
159 2282
361 2973
1390 9
1260 3036
260 115
272 1200
491 2812
967 564
553 1081
1407 2555
124 2243
743 945
360 601
918 2148
1200 2560
1164 411
1022 1551
1132 1654
1075 1992
1379 1092
221 2460
401 1438
1078 586
393 589
748 2114
1280 2412
1052 2473
418 452
815 436
1245 962
417 1057
110 171
1445 2404
42 621
544 378
584 2737
1415 2354
850 1777
85 2929
1383 112
768 874
1438 3165
1047 2923
92 897
1006 1957
412 1906
165 2971
840 1431
44 2792
763 2734
469 2024
537 2078
577 2619
1273 2897
1094 1663
1308 1144
1173 701
1014 2105
987 1445
1314 890
395 2897
215 942
1397 2008
1110 1029
1302 1711
1334 716
21 156
942 1178
1054 2579
570 2025
930 2950
972 2302
334 2355
797 377
72 784
304 976
1287 2981
1182 1506
284 645
462 3034
1451 3001
1281 2532
526 1635
521 1871
855 1219
340 1598
746 359
680 464
250 2814
135 1153
934 1032
208 1019
100 1613
215 3116
982 1508
1140 2206
504 2641
657 110
761 878
643 2318
69 1784
274 423
314 93
1262 3083
828 2368
833 3040
1381 1634
67 365
1154 343
527 2171
358 1963
176 1255
349 634
1252 835
580 617
222 1927
1013 121
1254 2835
806 702
582 314
1234 2518
597 834
55 1393
1105 83
1182 2318
297 1616
1281 283
901 553
720 1893
798 1949
1328 310
88 1072
41 2867
57 2466
430 107
1241 139
672 1076
1299 907
299 618
321 2443
322 134
8 3053
136 163
247 1961
119 2624
320 2849
943 2782
680 2831
1451 1842
151 1815
250 1353
794 1838
677 2460
768 2596
254 2061
1357 2458
579 3150
1246 1657
437 2231
873 716
923 2740
732 91
1207 1010
430 1405
1427 3104
1119 700
1234 204
657 2125
96 1624
1208 3093
1023 3183
338 33
1253 1857
44 1316
871 1255
1380 2034
1258 1245
1371 2266
234 713
1145 926
18 1195
872 1933
36 1919
1200 1606
1115 101
281 1749
158 2415
782 2708
296 164
150 2953
931 3140
1103 1157
297 1065
886 1658
953 1649
804 1514
89 3153
1306 1355
844 58
1279 2508
232 627
904 889
109 2098
58 1577
406 2689
557 3115
1286 1580
922 1117
533 2329
739 2996
484 1466
1193 1695
1013 938
264 2716
1266 2779
1210 2398
976 2336
1331 1516
1363 98
1059 2302
473 2881
623 360
1342 932
607 53
645 615
447 2339
1215 3157
959 101
1277 2103
192 1371
439 1930
1241 2045
294 532
298 1085
355 509
1187 1860
1273 1326
991 1057
681 334
969 2692
1180 1554
585 2587
1429 3022
169 1818
32 1776
1380 1498
669 1406
1126 2332
274 2054
1452 2191
601 1721
70 2109
862 2144
1236 988
1270 407
1247 3104
343 1633
478 428
967 658
1127 895
705 2740
267 3113
272 2497
363 1416
1154 2452
1034 1565
183 1782
510 738
78 2613
936 2659
291 1457
1037 3156
745 388
1175 992
1296 2885
364 634
981 1492
1350 2826
218 2040
177 1237
315 2565
991 274
193 298
1195 1628
1235 1556
470 1362
431 1450
772 2814
450 2146
862 1796
4 1682
833 382
945 2772
86 3051
631 397
1128 1933
176 1275
188 216
814 1546
1177 1761
1261 2989
1449 1
418 2439
575 2732
1310 2569
1456 800
1084 163
612 1837
758 2128
110 1972
1189 659
496 2755
1162 1952
796 1943
389 1491
1221 1806
220 2718
455 1263
96 3044
224 1531
1226 1002
1445 1280
213 2724
645 2549
265 1383
1413 1745
462 2677
524 1170
237 523
953 2911
909 36
1390 910
356 846
1139 1298
922 2401
1243 1469
931 3025
791 2350
687 221
44 1507
1078 3133
530 2012
723 2428
1402 3107
73 794
1189 389
1350 291
346 1731
1372 1394
914 2690
253 2774
485 2751
1106 95
392 416
261 83
273 1028
532 430
1194 1761
1228 603
38 2633
554 1659
2 2330
1365 387
1250 1926
844 2142
806 450
703 869
222 1963
72 3075
503 373
1139 215
580 1916
1204 210
336 347
956 1740
152 1287
392 2264
22 1052
110 1453
228 1798
46 1346
452 1111
323 2609
506 351
104 474
1425 899
615 318
586 11
1407 589
600 1756
674 405
621 1614
913 422
605 1079
986 1633
409 1747
142 62
295 1400
408 1144
1202 602
10 623
828 1624
1105 2437
1126 1688
460 1045
172 487
1351 2568
795 379
1359 1580
761 2845
473 563
335 696
886 3137
81 1162
76 1162
436 944
230 888
537 492
320 2533
1136 2972
1273 910
375 1268
1008 1886
753 103
1420 1000
986 271
735 2547
11 952
434 2292
211 1447
1124 1832
1287 825
441 2251
186 1974
376 1810
1013 1847
522 2273
297 1790
42 787
1383 1619
1093 2145
1344 831
1216 1109
389 47
1117 1534
304 1635
1326 1831
482 2713
179 1160
637 2079
418 607
101 1713
195 314
930 318
622 2225
1040 1190
98 1524
78 542
723 1026
102 2823
1141 754
741 1379
1052 583
668 1515
956 933
599 2059
673 990
731 486
1192 2011
545 913
301 1983
123 267
747 2740
1308 3157
797 1179
818 1183
1014 949
192 2768
1011 876
1018 2422
127 408
111 1711
233 2684
915 2953
1395 893
328 2748
63 200
623 878
1170 2395
1116 2121
948 101
1291 716
344 559
626 2084
378 658
382 2422
985 1708
498 242
591 2061
830 2274
663 3005
129 699
1182 1175
103 1406
803 2950
760 190
32 2324
472 511
1258 486
543 2871
711 1229
870 1067
1256 1707
918 961
728 1421
869 328
843 577
938 1879
667 609
1271 2858
232 3008
16 2405
499 235
1244 1190
1306 29
181 2871
422 2919
448 2785
332 1831
298 930
53 2254
125 1854
539 2409
1339 124
144 435
358 1117
117 2854
926 2045
569 1076
1056 1457
657 1455
23 3004
1416 2798
1141 1249
600 3105
1022 259
1095 2750
901 1661
304 770
726 1328
1207 292
1202 3045
127 2757
1211 1131
848 1844
1449 2715
328 868
809 2314
1213 86
1393 1258
647 918
1124 186
919 1830
607 3058
299 119
1218 2457
812 852
211 769
1356 1070
589 1267
70 1995
703 764
108 714
473 1286
122 2660
479 2272
1138 518
775 2002
600 276
573 94
461 1975
359 3035
794 372
858 2766
95 2768
96 1126
1273 3047
1212 2332
920 473
35 201
1432 1054
376 3017
914 1343
944 2371
475 1217
173 443
775 2078
1298 1509
208 2534
425 1862
460 1507
976 51
1346 3071
806 877
382 1770
1407 3169
1370 3067
755 3007
1383 1538
866 2292
1198 1939
1441 914
214 748
112 223
813 2716
1123 2985
343 2463
606 1636
713 2418
950 2812
1245 2732
325 2360
775 1257
683 3005
1435 256
588 612
147 1290
562 928
535 396
1131 2521
686 1605
55 2753
1248 2644
1013 920
677 2509
519 1557
386 1816
77 1525
1316 2179
643 3094
952 1002
391 2245
446 330
269 2959
565 1343
1414 545
1341 1791
133 553
1128 518
459 702
1168 1768
834 1903
556 2259
357 2083
1127 1953
391 484
545 458
1420 307
100 2517
517 3074
111 1533
1203 2897
804 2458
711 2821
1400 1094
583 1244
1379 682
1398 34
550 2131
383 2304
306 807
1258 3087
775 1039
540 2038
27 2928
199 1641
1295 1720
1273 2443
1315 2390
1265 244
234 2070
736 111
177 146
222 3100
252 2210
43 1141
402 986
1008 354
404 1614
856 1816
435 2780
981 1683
352 282
143 2099
942 1978
213 900
136 233
903 764
863 1380
1043 2482
1012 3014
1391 1303
799 273
608 2343
913 2
1459 1100
148 2821
506 946
738 2482
1255 439
643 1657
291 1600
1238 906
1195 702
1006 1214
1317 243
237 1275
1195 1462
10 2120
1340 2824
597 525
354 532
21 3007
494 2590
716 2172
948 1616
1454 95
612 2913
1134 2599
829 1225
879 354
446 642
501 524
363 1107
955 2225
743 1746
1267 2006
17 1083
1373 2371
550 2154
1347 1476
1339 1476
65 2943
563 658
919 3071
558 1720
745 293
1089 378
184 1762
387 2488
74 2757
613 281
500 510
296 2987
96 2552
432 672
1006 948
847 974
268 2456
237 356
264 1169
1047 82
66 2801
475 2673
413 198
145 1292
1145 2116
243 1892
1396 327
438 632
108 777
313 1143
1240 1001
1459 211
693 1518
639 1053
379 2955
38 2172
643 636
831 891
501 616
1096 789
710 1872
1200 1846
940 2119
164 3
943 2808
1127 94
266 451
1450 2193
237 2429
693 445
812 1191
1033 2228
861 2684
746 2277
539 1395
1445 2582
607 406
516 2581
813 3106
820 2257
351 737
565 317
328 880
811 1673
826 2166
1162 367
1393 1011
733 1946
1090 235
303 2585
1200 2854
682 1775
626 1097
529 1196
682 1603
1254 1702
423 125
620 17
803 2511
610 194
1140 2871
335 2207
533 1730
66 2143
300 2787
375 2281
221 635
895 600
877 2856
310 2857
968 2940
1405 1967
1432 3068
1245 1973
1316 2284
684 252
526 1205
1155 2976
853 1676
1200 1574
294 846
376 380
18 2398
1151 1596
445 213
1419 1101
324 2999
1218 909
164 2567
1217 3173
124 2431
664 403
1231 2606
191 2953
434 580
1441 2163
1349 1067
1039 407
237 2724
1190 1558
760 2488
144 209
1224 938
726 998
1425 1098
555 1537
50 1169
1039 1623
1279 2373
1418 2413
106 1203
471 1605
119 17
982 2467
1413 48
1203 1232
996 2032
42 1152
1340 745
4 2607
738 2032
553 183
895 979
682 1644
179 1409
544 1216
193 2826
1135 2359
455 1268
984 1847
1342 2929
1204 1563
742 2009
889 2587
1349 1417
1399 2401
183 1892
1341 1208
711 2953
316 1981
176 2036
1071 848
1405 25
1233 1674
1215 766
260 840
1415 2423
1231 1436
474 224
479 332
252 2717
456 1852
1019 2816
260 2945
1418 17
1428 1486
296 2162
685 1078
1314 3160
628 1171
498 1985
495 424
296 2959
1422 2859
209 1999
450 939
66 1836
555 968
3 249
883 2755
563 527
1323 2892
977 2862
1397 2188
740 298
861 440
1298 5
689 960
1015 2939
216 1761
1099 2173
720 2087
375 1450
32 215
224 2170
580 1323
1175 1126
500 1753
595 718
760 1157
64 1062
1343 2504
944 2849
949 2109
873 2552
1432 824
441 538
838 2900
1267 1610
289 1328
498 378
1187 1415
1113 724
1099 1864
197 1061
1056 377
441 201
1422 1730
583 2573
666 1207
1405 118
276 2845
1306 2408
1364 2642
155 2150
911 1308
437 3005
383 1679
628 2095
456 1061
497 428
938 2002
51 1892
642 736
188 278
803 1384
548 2366
496 2850
1343 1743
495 736
488 990
935 1593
566 965
991 1582
1220 3011
907 2534
1271 2458
173 1149
238 2756
1412 681
522 1379
284 1357
1395 425
1257 2330
671 1218
283 109
1397 1589
714 2472
675 700
778 1402
954 1826
852 125
930 2726
1323 2247
87 2811
743 2758
509 1476
760 1087
844 1801
1275 1972
880 473
625 1183
776 2989
892 1911
935 1217
1389 1276
1138 1260
159 190
1139 2444
210 616
1419 1919
445 1536
1378 2310
137 1123
572 1040
15 249
562 1353
563 125
1214 1937
1371 358
968 1324
1191 971
1209 121
1216 2319
1155 958
349 1210
1104 2049
534 3116
97 2803
539 594
879 2727
64 1042
1088 832
930 658
1104 256
61 1296
599 1848
210 973
465 3009
913 432
251 2842
112 2859
966 1814
635 1815
95 1728
1113 1460
1099 2559
433 25
741 2985
1050 3124
1445 1506
217 2165
51 1836
757 1480
1243 2038
580 2986
654 498
351 378
1158 2649
996 852
798 2858
1096 729
200 666
1223 1075
841 2535
945 2265
772 2004
1257 2167
894 1732
76 851
24 190
1353 1076
1304 1358
1305 2269
566 2923
31 1346
1099 141
248 1660
1304 2195
227 2141
195 2916
363 930
1332 1169
977 1841
999 2422
105 983
1168 742
1245 1931
1048 188
784 1995
519 1353
353 1922
576 2728
481 2001
342 1605
1056 1085
580 651
376 1984
1385 2992
260 2397
682 1487
235 573
992 2337
175 1968
178 1099
541 936
1459 1486
1173 1487
708 1362
500 542
652 1853
1157 1482
1043 1521
666 1927
609 1156
491 2844
818 165
673 2902
386 2615
234 185
814 1089
687 1342
661 860
881 559
1041 843
837 1836
598 2151
1076 2672
916 2172
948 789
1236 1661
1424 965
1031 2984
88 395
1292 2100
490 256
981 2869
467 2966
648 819
574 69
386 304
440 1395
722 695
204 862
1163 93
731 2603
766 657
18 3143
1178 3166
1295 1718
1292 891
894 1218
357 2564
559 34
949 2091
382 2360
1426 2732
206 780
119 1123
489 364
632 2231
970 1846
1147 2321
1351 56
441 1303
115 3091
368 2680
956 525
1186 316
1000 1839
691 2504
812 1786
80 2052
1251 352
1408 3156
478 1874
135 831
515 2479
522 2297
1147 661
672 1008
1395 2034
1315 939
590 943
689 2427
1287 2950
829 1721
164 1831
278 886
655 3134
1358 2089
911 1258
1455 3145
835 548
314 1761
1186 1147
526 844
569 92
60 403
785 890
912 1330
484 2784
1307 184
1352 906
116 2030
1306 2108
713 2597
379 822
535 1964
801 834
497 2075
471 566
1003 1325
1136 1578
409 2295
545 1472
213 1126
821 2347
788 2723
1202 2696
348 2349
1208 1289
331 2449
574 481
675 2693
463 1400
1163 2214
856 1378
1342 661
845 2627
1151 1201
61 1730
411 1174
99 688
973 2719
986 529
915 1096
899 2369
1174 1789
135 764
1448 2367
94 1162
1349 5
79 1345
240 219
569 644
1347 2723
925 2057
827 718
1021 1103
133 659
933 954
206 2927
146 123
927 2566
443 1576
163 189
1190 213
854 2865
517 1499
1142 1535
208 793
855 3129
943 2386
579 142
66 2871
534 836
48 479
877 422
1373 1820
1240 644
1113 824
702 1391
139 1350
998 2602
414 2564
812 984
1156 10
215 1630
404 1766
877 115
1066 1627
1236 101
1314 530
22 740
1229 105
858 944
447 1605
285 491
1442 2241
1260 1310
512 2374
551 179
1148 2941
373 2834
1308 2600
55 254
288 1849
1060 1109
808 1594
1243 1361
1208 1459
431 2084
232 260
1429 3127
344 2807
407 18
1410 303
74 1859
869 2931
72 2331
1335 3182
678 2468
863 1113
313 2739
972 325
270 1841
1119 230
1068 2488
1194 2046
1206 2737
485 946
938 1708
873 1280
477 316
400 998
580 3118
414 1285
1408 566
59 1019
1119 2576
547 1622
94 189
61 2974
1183 227
583 590
714 784
1380 2927
646 2775
649 2649
1306 1682
984 886
630 3113
283 233
1454 577
1279 902
1074 110
693 2918
1456 2759
296 2448
1098 1358
1116 1779
12 2184
47 1860
936 2063
1033 2667
825 2919
1037 1632
349 2059
892 2766
1125 361
626 445
586 1723
522 1547
458 1511
720 1662
605 2667
439 1973
816 327
1317 459
412 44
372 2146
1250 1963
626 1602
442 4
910 1550
1224 2993
1085 2173
65 1235
1125 1829
941 3006
1442 1158
1179 2349
375 1646
13 1982
277 1977
1446 1063
1146 475
1144 2
1157 1978
621 2586
359 3141
384 1936
1331 1844
1377 2120
674 1858
568 2470
216 2832
300 2720
947 2010
240 2833
1351 376
452 1210
1150 2813
78 131
1338 1356
749 946
1002 872
840 2389
807 2828
843 1441
1439 645
245 1983
971 873
961 2782
385 2320
516 2932
1149 1240
683 2287
771 2082
1063 1983
903 303
1253 618
938 1257
1157 594
1306 3027
686 1844
983 2808
1306 1213
929 319
19 1483
539 2765
1 3068
737 3095
1249 1343
220 2740
643 985
1337 823
1396 439
121 1126
1158 426
299 1753
113 1769
363 1773
1381 2547
1132 1600
593 2421
206 1590
1321 2232
440 2485
1122 1152
112 688
552 2530
43 504
624 203
521 1059
413 829
210 360
1025 1744
396 2942
39 476
1077 2021
1261 527
605 496
805 2311
709 2642
1100 1771
700 1638
1073 3173
658 25
448 1961
961 90
409 2030
918 104
967 583
45 428
109 1230
1414 2088
323 2792
1151 3017
1288 3151
399 2415
431 3041
739 1843
1068 230
252 1135
1282 2558
47 2013
978 672
401 2343
947 2760
404 2288
26 2638
476 2274
455 274
1009 673
229 1418
1092 1917
1165 3147
548 2355
1095 1213
236 2525
1302 2732
513 993
307 2434
544 1997
743 320
598 1471
952 1151
334 550
1412 1228
237 1928
635 3174
1136 65
615 1259
903 1210
455 1595
1030 1339
791 254
687 53
410 514
460 975
828 935
465 2705
291 993
728 189
1053 681
251 944
766 1207
417 3026
987 743
429 1194
1232 901
113 188
695 2912
289 1441
272 729
1024 2537
230 538
826 521
312 1786
1316 2092
1313 2284
532 1215
1069 698
1336 1394
73 32
1198 2901
757 1898
905 2263
628 2873
573 2464
792 277
1056 1717
726 1444
250 2876
902 2919
1457 2939
1074 2034
626 2781
454 1899
366 269
424 876
627 1304
317 2899
1 701
772 1693
1423 1299
440 1364
140 537
1457 2787
572 1836
1294 313
1077 1628
1354 2412
165 54
764 190
486 780
1396 1488
1344 2998
482 1516
1194 2774
1103 806
1273 579
1352 1814
135 2316
1165 2172
598 3102
696 1099
224 1805
479 2548
1082 1093
1108 639
1360 913
265 1152
1207 87
761 1459
966 2770
935 217
378 746
137 2769
44 1087
1409 2274
698 281
1427 3035
529 2544
393 2495
335 2779
1170 2455
789 2020
790 1916
674 2833
755 1985
1114 1815
1138 1516
1287 2180
719 1843
446 1650
171 569
503 1700
1065 1367
1446 770
404 2346
479 2188
933 565
673 652
1012 1316
1393 360
839 439
581 549
772 547
880 199
28 2634
774 1629
442 1675
559 1381
380 1987
655 2490
1048 2410
129 813
87 563
1298 2932
1199 549
499 2922
1118 659
1251 1269
877 2881
102 1170
955 222
1167 1028
397 2198
1229 2578
206 3044
1259 2108
1183 1627
515 1632
318 1807
1109 2223
1407 401
859 1112
223 106
810 803
616 659
813 1714
1408 2405
1134 3080
31 1530
66 452
834 1213
443 686
115 2425
118 1568
545 1146
1224 459
1320 1113
106 2394
1293 2427
912 2567
686 525
624 55
128 2017
981 1611
552 1928
928 3136
1009 1612
785 1191
1397 1169
570 2179
496 1151
28 1889
168 1557
528 1370
201 279
1346 474
1149 2123
175 2222
1249 2187
473 30
623 2891
438 2645
1446 95
202 1656
266 2906
1289 2671
984 2113
60 3109
1361 1650
323 2562
547 950
661 235
769 2142
990 283
1395 1902
163 1515
1259 2465
501 1349
315 522
1052 2658
1319 2224
466 3035
673 2985
1369 1412
1127 81
569 2334
159 2526
1259 1123
177 789
1355 1166
1232 156
1252 2342
126 38
760 2793
587 1861
679 1876
13 965
1071 1734
874 2745
25 1698
217 809
868 3143
1230 3
1390 2089
897 2495
462 2200
844 655
1069 966
127 560
371 1052
643 138
1454 2080
1203 1292
434 1867
505 3146
575 25
1001 1256
705 2411
900 2533
1146 74
210 730
1137 1263
1006 138
1030 1283
672 2578
1306 2010
1427 1776
565 2934
1395 1924
766 15
638 863
691 2323
283 1110
122 256
981 167
708 707
803 1762
105 1927
1171 1005
391 577
871 795
500 2447
692 1515
51 2503
848 902
592 2281
1394 429
647 1039
832 2881
814 2951
454 2310
328 383
517 3084
1399 1293
666 1364
103 1399
56 2055
371 267
160 484
1216 2909
1 597
643 2691
1116 1497
1069 1144
1227 2359
557 1955
179 1271
185 1451
80 1961
645 1683
445 2550
254 1784
1076 389
209 977
382 2322
1064 1513
181 2688
488 2829
537 1096
1452 2646
304 2693
128 506
316 1778
271 1974
883 3172
1359 1852
997 2437
359 3029
865 2915
584 3076
1032 850
987 2097
235 1900
1337 137
3 889
1143 842
1111 813
820 1517
121 1031
420 2154
1417 961
314 299
1150 894
92 2610
1341 1348
989 1362
1095 1420
1271 141
143 821
527 1888
293 1982
185 426
1058 1174
375 1297
763 956
1037 2938
1348 729
754 861
54 1904
322 139
1191 1879
1217 1529
262 252
1044 2224
1251 2428
934 3083
1032 52
874 356
1289 684
1313 911
490 2279
501 324
723 2391
793 1081
824 345
1203 1911
867 1564
566 981
1088 95
1235 12
1434 1844
1197 267
99 903
972 1041
622 1297
958 3145
1316 2366
1358 1898
1389 875
316 2546
885 1150
449 2727
307 1490
145 1699
685 3010
1269 2860
1354 287
918 1833
1040 1817
449 2751
1416 279
295 2297
1410 2645
460 1363
811 2529
1149 721
1314 2029
136 756
110 2593
474 2952
1416 2634
560 2355
69 1121
1004 2216
1215 2077
1370 3139
873 221
1084 1969
1448 2422
271 3101
1226 2476
438 2098
907 3018
1134 1267
473 394
989 2733
787 324
510 2210
836 1944
104 2270
150 2740
169 1193
735 92
1127 2504
572 473
941 1414
353 1626
1124 2868
1008 377
1396 1208
1178 1670
8 920
640 1478
887 1975
923 1207
1267 3126
158 140
795 2394
1337 745
898 2685
490 2247
877 3044
158 382
235 1749
512 1441
1198 191
903 1929
1351 1785
726 1818
164 710
375 1398
1185 774
172 331
1446 2248
588 418
289 583
1163 2388
979 1644
740 1887
879 750
852 471
253 2854
1117 2917
1052 3078
245 2072
758 1470
462 652
388 2715
496 382
1039 100
1084 2935
590 2768
949 1714
662 1850
1280 1216
123 277
396 1435
1275 1135
414 1813
1180 2001
355 543
1094 125
618 2199
1373 822
1156 3008
345 1317
57 13
663 2134
624 2637
129 2510
879 577
197 3167
460 393
473 71
1235 2711
249 49
133 2170
1337 287
1385 489
1085 1607
1156 2706
867 1725
959 1952
1395 1108
1245 915
1310 1683
762 2611
669 2393
78 425
1446 2289
1240 2307
677 1797
396 2186
1222 197
1302 3061
901 3020
858 39
370 2565
685 1615
714 2268
293 1812
1296 2301
109 2026
703 1053
1289 2281
549 2970
637 2964
333 666
501 1677
165 2206
800 885
474 2162
1247 3136
665 1696
892 589
686 166
1425 2447
917 1263
844 917
893 1101
1314 1620
215 3035
1200 2228
988 2980
725 1359
785 2758
1373 2697
153 979
1308 2998
154 2991
545 376
708 1431
413 3019
7 2210
1431 1905
528 2046
564 3001
1310 1916
811 2834
696 3121
800 1163
141 1219
49 857
1389 403
72 1510
1139 1172
1254 3154
1115 1488
87 1626
268 2031
1278 551
910 1033
1178 960
618 570
1363 2915
146 512
808 2241
1424 2742
1112 3050
564 2346
550 232
193 983
368 1810
1204 1265
870 2477
601 111
251 678
488 2287
899 2723
1229 3116
120 3082
80 1856
114 491
1035 2228
1215 1155
721 531
153 1505
1030 2199
614 1830
570 377
1310 1502
715 2687
519 2222
1056 3160
997 2042
256 2507
1080 1359
1095 1386
133 1387
521 1174
69 2554
1005 82
651 579
124 174
373 1009
537 3040
1219 403
585 1938
675 52
935 608
413 2034
868 649
1048 57
565 2565
235 1507
232 2886
758 1698
372 945
296 3024
1405 1765
501 905
146 1698
1207 1413
888 671
181 2135
824 2942
571 1038
685 3064
497 2361
548 492
514 1857
886 1910
272 1920
164 1598
1172 2757
703 3027
1007 1038
764 346
1358 833
1180 1238
1220 386
879 1367
169 1026
1198 2965
1186 1165
490 1070
618 2970
451 1138
760 282
504 770
298 2273
323 3152
1390 2765
263 342
805 2874
1046 2551
1445 737
1411 317
877 2029
330 2645
181 462
909 1710
752 3026
112 2568
290 1412
199 2686
1360 1047
662 1917
589 1280
1061 3124
611 1943
1233 611
675 2099
267 195
864 1138
164 1451
988 2590
744 867
1081 414
1389 2578
1187 2988
399 2746
1346 1443
1002 906
696 1913
95 2232
527 1702
1364 1029
477 2696
384 2990
1026 321
1189 1950
933 1353
990 1945
1200 1014
89 748
420 2092
621 1230
1189 90
1398 474
760 1743
1448 2648
1400 991
835 2343
80 2945
336 845
1100 3018
1069 2333
1440 554
1067 302
894 1738
492 621
367 430
1259 1969
1099 1416
1451 1970
906 79
148 3150
514 1817
737 2859
1448 2454
1308 2885
827 624
1360 196
1412 1564
311 3076
100 270
756 1749
553 288
686 1298
1382 957
1095 2476
515 610
1 2424
954 1747
269 2886
584 1633
437 1680
591 25
1202 2893
427 1943
588 2130
105 1118
1151 666
575 2184
1234 1131
1312 109
708 1801
970 353
1234 2161
807 3117
325 1866
1166 2162
446 2531
348 1278
833 3087
1336 183
213 3135
1171 1155
797 2462
543 1045
1383 2996
57 988
333 1821
717 1992
1013 869
1152 2100
275 183
488 856
1341 106
498 2382
844 3153
1333 1055
1444 2558
1403 1116
1213 89
916 1620
456 2615
72 2124
1458 2316
996 2414
1050 2605
1172 2544
1453 1101
52 3013
792 368
33 1789
1175 1959
771 2546
1418 739
894 1654
1106 1236
810 679
390 2800
750 2782
544 1525
33 1067
441 450
786 2026
236 3121
246 1366
348 1208
669 2697
556 3146
593 2425
1264 1681
1366 2184
621 1216
543 1931
849 2544
1400 2798
1041 2956
605 1088
1145 645
770 988
372 2241
642 2026
165 2229
557 2714
260 1597
427 2236
846 217
896 1322
332 1091
212 907
9 757
8 1492
337 605
338 1809
411 583
305 465
490 2236
430 2866
1147 549
1294 1094
1135 749
132 1155
955 1782
812 2523
364 2204
1166 1486
694 936
520 1233
1123 1603
312 544
560 1788
284 590
1361 142
901 1251
422 1341
1399 2247
128 424
672 694
479 2863
895 536
99 1127
344 2753
554 2580
373 3055
194 1001
231 1293
607 388
261 1118
782 1386
248 2058
214 1675
196 82
654 2303
594 2020
1052 1366
1249 162
802 789
138 3038
456 1334
420 1546
1229 1968
184 2845
856 2318
176 2412
1175 2285
450 2318
605 31
684 795
596 1273
1021 2055
1106 128
1086 652
853 1414
886 1477
1155 861
715 2426
1437 1619
458 2832
252 2996
1213 2439
317 2903
614 2060
807 1936
445 1111
1108 1776
792 945
431 624
1399 116
793 2757
403 2819
875 1416
91 2533
1242 1753
1388 940
1383 3035
178 1363
166 652
1103 443
385 2833
563 1630
861 2534
1216 2732
99 2155
990 1244
329 1873
356 1784
647 2438
293 2389
1219 1615
1183 1942
821 2427
306 2016
807 1973
465 774
1226 2941
1417 2101
340 985
397 2550
1223 3090
1284 192
1202 425
731 2861
304 1450
1031 2118
591 845
199 160
1007 2965
195 330
465 1071
1408 2314
721 1321
304 1927
1221 2164
96 1820
1415 1333
189 2168
1320 33
1186 2925
1278 2066
759 2782
346 1152
596 1066
340 2105
919 1704
596 2626
166 325
618 2749
895 424
1033 1475
1397 508
568 451
328 429
380 213
874 297
1019 239
847 1674
73 2391
1019 519
168 395
902 3172
523 507
1083 2976
1425 329
1090 2606
107 170
1028 1140
59 2365
1154 1156
710 1222
548 1635
449 2191
576 1150
985 1033
703 1432
342 1606
1011 2670
875 281
1103 1088
1110 1862
1010 38
736 2136
37 1043
1251 58
943 67
388 169
584 504
769 2034
458 1743
97 1012
660 1355
526 2355
1258 3066
1342 1046
145 2575
566 655
670 141
212 976
111 1642
1071 2355
607 3039
72 1897
8 1153
873 2725
564 1973
944 1626
1393 1110
191 786
277 404
282 464
115 2237
610 2046
29 3080
1283 1883
1256 2436
1390 1636
249 1876
1094 1664
338 1682
303 1131
974 2549
1453 1587
607 338
489 401
151 2134
613 569
644 1905
589 1754
604 1619
182 2727
362 92
287 2784
990 1125
148 1616
1169 1406
124 1048
1453 976
250 2190
511 1650
1224 2197
1128 1168
1391 2508
1187 3006
173 2698
1402 352
658 2011
979 31
308 2022
125 2537
1297 1191
1233 873
818 939
75 1818
476 1707
1303 2076
97 2652
731 902
1382 800
692 102
1191 2604
680 1694
975 1787
430 978
231 2817
650 2046
1155 1113
698 3083
533 3059
1252 1575
157 2329
347 2421
1182 2455
990 1636
342 1178
256 1325
523 1528
4 1071
1184 1897
656 2778
378 1896
1288 1354
518 1488
1263 2055
1146 955
916 2514
526 7
815 2531
610 855
71 1365
1141 2998
1343 577
597 444
669 2061
1168 221
1361 655
64 1500
443 2144
853 1043
432 2770
1372 2090
1037 2163
1369 512
780 1510
1308 185
1119 1141
88 404
878 1651
1214 2455
705 2382
321 1486
1303 3079
826 2068
1234 795
1084 1367
1075 3139
304 2433
333 166
185 536
1347 759
1024 341
408 1538
436 2452
57 624
1425 2169
836 2098
407 2392
811 954
180 1962
435 630
691 1192
384 290
359 1015
882 2135
428 842
584 1780
821 2368
1451 1149
742 1842
235 2025
1407 2106
525 3103
989 1829
1317 2527
1157 2815
1097 1216
509 1193
838 265
419 3051
753 1895
589 484
1450 3001
207 2068
1342 495
428 917
1221 494
128 203
1164 2157
741 1549
703 2516
498 842
739 958
1448 512
372 3057
956 2303
643 2639
846 2255
435 875
88 516
1012 1494
1236 1825
1133 1605
309 1336
1158 972
93 2456
769 2271
678 619
554 75
1204 2879
375 1310
1053 1556
544 696
423 1831
47 778
972 1340
229 2433
811 1487
261 2643
906 2265
810 2437
316 1527
1193 3147
214 1017
553 2045
714 3099
58 74
951 2555
1036 1626
225 2722
1001 422
1067 203
236 2785
985 3168
1104 1298
904 1638
587 2043
761 633
1244 1752
663 4
1452 2344
364 2947
1208 2443
1074 602
699 2528
20 1202
1187 3159
123 817
301 2625
143 2727
204 815
86 2939
969 1496
1046 1469
1421 251
921 2603
684 2323
453 2801
1438 1451
575 1674
1200 1954
437 1878
762 1368
1025 818
1208 1786
915 1502
1422 2346
1234 2933
404 2858
821 1775
230 451
613 2349
911 264
146 1009
663 3182
1242 98
457 1993
341 349
926 2571
45 1550
412 2869
338 2752
602 2766
1220 2004
1398 1429
105 2632
244 1752
23 2569
325 3138
965 1845
1108 1788
431 1470
642 675
352 201
1173 1086
126 1398
544 1352
217 1481
1341 1808
1119 624
1202 159
1432 1423
221 262
601 3120
924 225
17 2290
451 721
1358 1623
1208 2348
1240 1221
1022 3182
1039 2256
273 2928
223 389
128 2988
245 770
1070 1767
437 741
731 331
1142 1819
315 166
710 973
743 1209
1352 2108
376 1623
816 1824
309 1689
262 856
958 3064
1025 860
791 378
1093 2355
972 1312
669 987
62 1924
61 1966
756 2092
574 2689
909 1612
958 2004
1248 2816
361 1046
614 2233
727 2100
941 1382
542 1062
329 2623
677 1278
431 1849
1071 2048
233 2688
22 1901
175 3152
139 423
797 96
739 378
763 2047
172 1095
1351 243
116 2558
631 679
225 1411
346 2541
290 275
1140 141
961 56
252 2839
211 1328
707 574
1164 2348
905 831
790 2271
1225 2788
289 2926
1305 255
308 2130
1375 812
1348 1094
1450 2007
1456 492
299 398
1146 1295
184 2317
698 365
574 2198
1029 1510
869 1218
990 778
74 290
174 3087
920 1897
1094 1994
921 2397
679 690
82 1156
611 494
1409 117
972 953
1366 1658
819 2004
607 2463
299 1584
730 444
1187 2830
821 178
1073 2662
1202 745
248 2839
174 2225
938 95
914 2919
1342 706
834 2367
1020 2786
629 2452
629 1964
1401 3106
884 2964
1250 1336
387 397
119 1138
44 2113
1074 473
528 1176
344 2422
49 2267
619 804
317 436
556 332
1440 2528
683 1672
1314 1513
835 2440
576 3088
318 2392
1132 3160
258 2846
944 2763
949 2038
564 2818
163 2145
471 2491
1088 688
929 2017
347 2558
391 1573
1093 2679
164 1408
708 457
282 1297
869 2141
778 1889
930 3105
1267 359
257 904
1231 1032
1427 2970
1378 1406
1000 1858
613 2507
784 1637
1111 2014
249 777
1031 461
480 992
1062 1465
510 215
1018 554
1242 1840
943 420
27 1446
892 88
167 641
930 2439
739 872
1037 859
904 1400
377 633
486 1866
1060 783
585 2997
1268 833
440 2134
100 2657
8 1520
1004 136
624 349
1249 581
144 1871
328 1688
1028 1742
1371 2478
567 1734
729 895
1224 34
242 957
309 360
1064 984
480 2345
944 2102
118 2936
716 1389
990 1088
90 1707
1359 1649
118 382
171 1678
1375 737
1029 1098
1122 199
464 1845
919 1865
990 2598
94 813
1145 1675
79 1439
1245 2308
1039 2031
83 664
59 2194
458 278
515 1031
1 209
144 862
560 1701
1444 1321
1164 743
363 1500
123 2624
1059 2352
854 891
1188 1168
558 2601
965 2257
1424 2985
1155 1926
939 3120
369 1183
1208 1302
752 2678
774 2782
777 45
887 2618
1316 3067
287 3019
1265 1627
489 2425
1102 559
969 357
533 1422
1058 239
750 2981
1260 991
1186 1155
1090 2874
566 2253
955 2818
1203 363
561 368
1452 1342
810 1917
624 1396
936 1814
996 2040
1318 2565
70 2374
1047 1435
253 528
674 2274
1074 1536
1229 2475
582 35
619 124
1212 1854
35 473
131 838
1007 3089
591 3040
1405 552
1303 2335
1071 1364
1440 2034
117 2560
1333 1347
460 551
549 2287
398 1481
491 2864
814 392
881 100
1094 1645
591 2462
336 1538
63 394
792 235
481 565
1071 1793
1024 643
1409 3020
788 2458
908 2685
1327 972
1180 351
306 1789
501 506
793 1110
1333 161
1376 853
19 188
714 1590
1257 1753
610 2615
215 971
107 628
839 244
141 783
676 1592
287 2980
682 2027
1314 1862
680 2591
1197 2475
309 2731
115 292
892 2778
645 3103
333 1039
1268 2449
1342 1667
139 807
33 2850
208 897
618 2449
1076 2744
173 1765
481 1821
29 638
571 1900
737 2166
678 139
486 2531
210 2667
743 2406
1300 2920
843 2500
1352 512
768 124
1079 2793
610 2606
91 1842
552 2962
1389 1279
70 403
1214 724
141 801
1388 128
1403 2353
982 112
1242 2459
993 2352
1417 1370
255 1271
992 2925
1056 272
122 474
60 1673
90 2522
1279 69
361 851
884 606
985 2742
731 901
286 1258
460 1166
1097 1009
227 2622
108 1993
1274 63
1262 2541
173 2451
1152 2986
1222 2755
1105 2538
984 1685
1087 1040
360 134
1434 3120
846 2576
801 1468
256 1453
1280 370
584 3041
1300 1185
1344 3139
765 540
1376 273
445 980
700 819
1456 186
676 1113
59 587
1068 2299
423 1363
1178 2663
474 447
302 2774
662 2574
700 1357
1432 1557
1224 1362
671 365
979 513
955 1356
415 1135
1238 237
315 44
1132 1642
1430 563
1050 867
833 1472
398 2645
1185 1479
1137 536
430 2923
691 1352
1342 376
554 2366
1405 1948
681 1330
1300 1069
135 2010
106 725
1022 2502
419 184
229 2355
891 2509
962 213
562 2900
318 1387
168 1911
1085 692
699 220
453 2014
1349 2078
805 1299
766 1134
1117 947
638 979
188 808
830 311
200 1821
115 2263
1323 1349
515 2408
10 2312
318 2374
421 1561
1047 1486
697 1198
19 250
951 1951
442 1611
208 814
1295 2472
53 2934
221 145
1362 56
1146 270
192 2241
912 3112
469 2457
758 1208
1343 1176
1145 1474
364 1443
227 1537
1375 879
174 3053
270 2552
594 1593
530 1743
172 1732
642 2924
1458 1182
1390 863
255 1767
750 1526
744 2305
534 2317
583 2817
1389 2521
1020 287
108 2992
1453 2300
540 2562
216 2489
643 901
863 2166
554 1823
457 1178
227 286
580 2889
686 183
164 1178
54 1855
816 1013
73 1619
935 2269
777 2224
1418 3066
1233 1506
1293 2274
616 21
280 1396
1222 2215
357 2254
491 713
879 1158
372 820
889 1825
449 2807
629 73
28 2983
796 2822
368 642
1294 807
1108 1646
674 904
766 1987
34 724
74 347
1213 1284
871 2414
30 1531
1354 1908
726 229
146 1514
826 2187
76 2698
643 2239
1249 1009
369 1494
1001 2434
2 1467
1315 1350
1074 196
1120 2073
84 1037
1202 1683
1092 1643
1331 1468
552 632
787 2419
729 2698
223 2541
746 2402
1206 1193
626 1346
943 1509
103 1207
1455 3047
1143 1459
530 2653
958 128
1051 878
892 1675
841 1435
636 2684
1285 632
1194 1015
374 825
619 2137
102 1814
1105 1454
986 2055
578 3107
1214 2419
35 966
1017 992
287 1798
396 856
82 2294
266 2402
293 458
1210 1252
188 2553
198 1728
593 98
725 524
993 800
1390 1350
518 2199
655 2930
270 2150
1340 1698
86 1295
1124 3030
1456 2899
866 809
459 1543
1024 209
373 3118
1030 633
172 1381
1348 1391
1005 2948
40 747
1266 742
1319 370
1410 2169
222 2055
562 1231
30 1341
682 2097
170 661
675 2500
116 2915
400 2848
1123 27
463 2982
1124 1942
1015 1630
1008 924
892 3022
257 3029
677 2205
571 204
766 896
180 2966
31 1380
503 918
281 11
189 591
756 3011
624 1352
315 1266
917 618
16 338
1146 2667
92 3179
692 1646
664 2841
1431 2089
1113 2370
411 673
637 123
305 2193
429 1761
1410 2922
1093 621
149 2055
1021 2601
203 677
217 262
167 1294
838 2041
932 2135
662 1481
551 1378
295 1657
420 2712
384 2555
90 335
980 277
844 1595
154 2658
62 2674
1336 752
1259 424
556 70
83 1131
594 552
210 2576
240 3101
944 1639
1373 634
382 2031
316 1885
402 146
860 1240
1201 2639
1300 1890
501 1934
935 2018
1345 2043
824 1446
167 339
1286 1429
63 392
914 3074
1052 482
1383 3182
345 1833
77 3
27 995
1099 664
347 434
298 2310
522 1666
1146 2023
629 332
500 2199
1219 63
27 2411
1244 1422
907 2508
442 1266
274 1088
84 1774
1329 1100
891 2450
900 978
1173 1538
160 115
370 217
402 983
925 1346
355 820
1299 2467
1209 1869
1146 2131
1428 430
1107 1327
70 2077
852 1255
728 514
827 1067
238 2681
1004 1076
580 173
845 832
131 2111
842 106
281 1230
1257 2345
891 2648
1254 836
13 1466
880 2924
690 1303
1268 1260
1120 118
357 1678
610 2690
776 2733
1421 2600
485 2843
1017 1231
722 554
594 685
510 376
118 2914
800 2843
1113 2729
949 2376
489 703
276 648
139 1533
366 2930
1043 1062
333 3010
674 948
273 2644
840 992
587 1753
332 2664
1281 1884
149 2598
78 659
832 2214
499 2963
652 2555
140 2253
271 1585
694 1567
618 920
1371 2268
561 684
1311 1062
1008 1271
485 2041
1443 1887
117 54
1195 52
238 841
710 2802
755 2024
1176 730
95 1142
690 344
1345 357
615 2879
718 3034
559 2047
989 800
447 1360
877 1830
762 1391
1295 1859
931 1754
943 1609
119 304
354 2902
1011 973
906 1876
582 445
396 1913
377 1939
235 1644
837 3124
900 2313
1253 1548
1044 1713
555 994
396 2174
1033 1585
1224 1720
83 1515
771 1497
88 544
843 495
1190 2828
1257 3013
399 2892
1444 1598
1267 340
595 2791
834 1241
1230 2687
1318 417
1199 1355
1233 1231
13 139
1008 3178
495 350
1250 103
459 1939
734 2157
1036 1194
811 2424
1385 551
1071 2063
989 2758
595 1726
861 2517
538 865
555 664
413 2845
1224 726
42 1256
1202 1810
974 138
965 2594
936 2315
601 368
1055 878
583 928
1173 949
677 1021
1172 3120
1108 1396
1127 267
257 1464
651 775
621 14
326 2857
451 1044
15 80
664 456
1386 2616
540 2194
753 314
1042 3091
906 3033
232 154
695 2479
1214 1985
861 1751
591 2245
950 1072
1282 266
1119 2193
681 70
602 3141
258 3118
259 218
1438 2923
1233 2742
983 869
1312 730
788 1099
249 726
646 895
439 106
555 1933
432 824
1066 484
1421 1431
510 3104
859 2993
1365 1994
150 2244
1157 1371
905 3026
1032 2098
726 59
1226 3057
802 1731
871 905
747 739
1413 1203
800 1671
11 1156
234 2744
269 841
1231 629
428 212
72 230
529 2035
1259 2006
1198 2030
1255 2041
20 198
1458 2827
1352 2744
596 1887
377 2011
1459 669
658 1306
876 2116
443 1562
1200 1201
818 731
1430 974
593 1817
614 3042
949 2166
298 789
758 2138
954 931
533 895
1413 1775
1120 2718
206 1285
70 2976
306 776
652 442
882 2606
301 1932
742 1139
1324 3082
1024 617
453 2812
1286 565
1373 1728
397 2598
1303 253
407 38
572 479
12 1823
1117 2682
61 2000
1039 2335
1353 1066
811 769
398 935
842 2803
184 768
768 983
970 670
764 69
376 867
131 983
1261 3014
1306 407
1001 1993
1092 1004
726 471
1253 409
150 862
609 3121
811 237
1065 1576
1014 445
500 2715
638 153
60 1732
184 3141
7 69
1069 3161
790 2340
1106 2914
332 1037
1056 1545
1006 2372
90 663
105 900
12 939
620 701
490 1164
1387 1983
1390 1683
155 315
1406 2072
505 145
107 2306
180 762
548 1746
143 1118
1028 1087
895 2030
1426 2214
1016 274
761 559
659 3100
118 840
1035 878
1306 1207
590 2700
1097 281
431 482
266 1775
1393 2665
848 59
237 751
568 2974
401 167
1451 2308
691 2876
125 1077
361 2880
1107 2031
716 1100
1246 3032
691 1313
809 2028
1278 1999
318 573
654 1518
1169 3147
134 1104
782 1217
211 2799
1322 2670
766 3048
1042 3177
271 2507
1387 1590
115 1220
1414 1025
1273 909
561 1430
865 533
750 1658
181 690
1024 2053
1399 1536
809 2399
168 467
1382 2538
683 2402
866 1492
652 1963
231 1558
1088 72
1085 1233
41 326
1421 2518
372 589
1385 1748
648 1562
1248 1558
669 1934
1186 1388
1276 2390
1358 25
1343 1609
196 525
369 3171
208 260
1360 2873
250 1722
219 1205
1227 2248
758 388
110 236
1291 176
451 659
726 318
1297 1616
209 861
1320 211
1328 1443
565 2735
350 1422
1011 2780
814 1086
785 3098
1113 1059
1363 2248
1458 1294
1220 2898
993 2416
1163 2762
299 806
1440 237
863 2653
509 1032
760 2495
1046 72
1183 1499
491 885
1255 1316
547 3180
558 508
703 436
914 585
629 635
1175 1680
226 1640
1451 2022
920 515
1233 801
1246 1282
65 335
1459 2454
469 2040
953 278
555 1975
1163 1772
1030 2101
725 1306
823 2938
344 327
1097 2983
1193 1638
889 2585
115 1499
775 2228
206 2518
570 2086
543 3177
819 1613
668 2085
313 510
434 2066
886 1068
260 2053
1453 528
1424 2756
959 226
852 660
327 3095
20 3072
422 3148
8 1004
291 70
971 1907
1344 12
1233 2764
506 2361
842 1245
66 770
804 698
609 931
1191 1456
1336 963
993 2664
377 1154
1155 2811
1060 2496
500 518
54 1111
1378 679
72 1385
263 2653
1443 2106
546 1641
168 1167
580 2025
178 2337
1143 2223
1271 1634
241 2528
1220 967
275 2860
1243 2310
807 357
847 469
603 2678
434 1084
1456 38
204 5
463 969
535 379
551 2775
985 1935
394 1467
849 196
761 927
1122 53
657 1219
1324 3051
241 308
153 1422
374 584
754 3072
1224 1593
1417 2581
185 1013
179 1976
705 3073
880 656
874 1227
588 54
811 1595
931 1091
1072 323
589 1749
615 499
1445 488
468 984
220 2363
202 1254
331 1894
1217 178
681 2481
991 62
1238 1845
382 319
594 401
1001 1225
791 2294
859 1994
1202 525
126 124
806 2948
803 2225
968 2610
1424 3031
1455 14
352 54
444 1486
1223 83
883 122
665 367
240 2242
1197 898
440 1256
303 290
201 1846
554 1497
206 2117
968 1080
379 2038
1084 2810
1409 403
776 1388
1365 1920
142 2159
817 1699
664 1230
797 2553
107 1071
784 513
515 2861
864 1784
336 36
895 2895
1379 1980
856 1301
570 334
585 690
145 2684
1199 1137
752 2326
692 1771
682 3079
970 521
581 419
387 2568
870 884
651 1794
1133 2268
1129 1611
13 2298
877 823
242 2774
52 773
728 909
1253 2925
1305 2583
813 2458
269 1142
941 2446
1057 2820
1328 1524
615 974
471 2698
852 1157
1179 1994
320 37
91 837
1281 2225
1294 2370
388 3076
543 2046
994 1480
341 47
1003 1706
105 1837
1397 1017
99 2005
1212 1188
1268 1331
1110 1120
842 468
460 2405
190 571
147 620
140 1559
172 2571
191 2570
1219 2375
423 2151
907 1970
55 2713
1126 2787
149 1888
37 201
47 2319
239 2438
985 1713
926 454
339 2089
436 3122
755 739
850 2393
1389 654
1301 652
1031 1986
1392 3144
1403 1807
443 2540
689 2439
1023 456
108 154
1190 1268
1183 670
452 1133
434 2205
909 1248
538 2385
763 25
1405 2778
528 672
337 133
614 64
1321 1452
16 2492
1192 1839
931 2744
1261 1184
337 1721
1458 2817
887 1595
1116 2695
1133 2239
859 2011
1456 298
451 2141
852 184
1004 1605
487 2197
915 2749
1362 2526
343 2700
845 735
946 1760
816 1462
760 42
1044 515
738 1150
218 510
678 950
995 1161
177 195
347 1176
1030 1038
1421 69
717 2577
1268 1700
373 2284
1284 2690
67 1601
1384 2252
905 2814
1269 2375
825 1199
27 2904
785 3004
804 1010
663 2539
581 1423
451 1417
774 2910
281 2834
558 2963
917 2381
238 463
566 1055
1362 1440
457 2415
526 831
540 804
1144 3021
1156 123
328 92
499 2906
134 2296
324 265
361 1138
1277 302
781 282
848 856
233 1178
1335 3042
419 1534
783 1957
63 786
660 942
1130 1374
144 704
988 294
922 2745
955 2774
874 1394
1166 2662
185 1815
1139 676
1351 1407
1101 2508
860 2843
1308 1719
923 2518
944 2366
1190 2788
763 2318
76 1339
517 2152
239 317
437 1130
439 1591
207 2520
341 58
117 1089
1106 932
587 2173
1394 1033
767 1264
328 872
750 298
1379 1915
1319 1327
635 1805
633 829
44 1416
671 2701
1432 1843
1191 1717
29 1994
713 3132
1037 190
1452 28
934 210
271 2822
44 1031
446 2593
97 2031
992 2201
316 2739
495 2343
59 1420
1179 2436
971 159
1437 130
134 1764
135 331
1413 1626
710 1866
759 1687
1406 1407
1340 2935
335 2225
106 2686
129 550
1105 1204
725 1751
728 1291
1214 2775
1064 1199
1240 1145
315 633
1320 997
1421 317
42 2491
352 1862
761 471
1433 559
493 277
855 1095
262 1658
670 2711
992 3127
738 1723
709 279
685 1271
307 2551
1066 1779
544 2049
1103 190
91 702
401 2858
708 2716
1376 2483
1268 883
71 851
464 1767
1298 1444
314 1294
226 1135
777 2340
581 2647
1249 3025
227 2604
665 1049
97 249
737 603
259 2799
198 1335
741 1089
896 1684
1308 627
624 2864
1313 427
1253 2782
451 1900
233 1552
1318 1504
1405 940
345 2835
230 1541
771 2390
1016 2179
876 48
192 2318
746 2662
283 3061
279 2989
893 929
1299 781
1055 1976
1184 1221
887 1450
1294 2903
731 1612
1151 909
1381 2821
1227 456
180 2513
1225 22
985 2481
763 490
483 424
544 1224
1387 2910
263 1791
915 3122
470 1155
440 2918
1062 2320
808 507
778 3158
1326 444
1120 2050
373 2467
777 2445
757 1952
1239 930
1404 2735
1354 2458
37 2445
1420 1378
131 2526
1099 1179
580 2124
792 1036
575 690
58 1744
1054 2776
129 873
43 28
1256 400
951 2252
673 1597
656 363
796 652
862 1438
146 2362
788 1444
1009 1489
819 1411
915 2832
1306 2308
1432 102
1438 2177
1318 1865
300 1440
99 2362
1022 328
910 243
1363 1095
367 326
1087 422
584 184
322 1135
1133 735
1415 1348
779 1834
983 628
236 2005
233 486
819 1067
1388 2970
1418 343
1328 936
1440 256
582 91
547 2721
220 2333
899 1820
282 2588
562 495
1252 2199
650 1943
846 1026
5 950
374 872
358 167
1289 899
1345 2428
240 799
490 2700
439 1118
650 1556
350 1549
263 959
61 1809
826 994
1136 715
596 1003
982 2796
297 129
658 1376
271 1775
1210 2751
619 2708
832 2832
977 1330
1060 2433
1338 2024
366 1848
23 2307
1388 2731
1251 2714
600 2343
134 1738
1364 3104
1340 2669
501 2911
1114 1327
487 1788
258 2991
1093 2294
1178 2203
1357 2597
571 1552
310 969
327 2535
616 274
840 1278
1048 1078
1410 2676
1259 385
1340 2951
122 2681
963 1682
332 32
1103 1548
23 476
895 2575
698 1924
51 2389
641 2772
1342 500
625 1541
1196 825
182 367
513 774
1261 1065
600 2525
1327 2418
809 3143
1158 113
451 1358
564 1301
619 245
1010 3045
115 2128
824 2344
1404 615
882 2246
260 1562
81 3048
1324 437
108 768
8 2006
1390 1106
1268 2806
604 981
490 1836
902 1070
283 1539
702 702
275 2839
256 1953
295 2767
934 3035
915 1120
1125 2765
651 2569
1301 2316
908 888
223 229
346 2551
538 2100
852 3132
599 1639
1083 2829
261 842
422 2037
839 1432
67 2643
1105 1711
237 1360
226 122
107 1200
509 1882
168 1318
1101 2849
396 1342
426 2628
493 935
1174 547
585 136
647 2614
972 2043
1335 645
583 2537
322 1089
640 725
603 2160
799 3101
1132 633
916 904
1363 2187
253 1697
378 1801
549 649
436 2180
546 1982
1351 2858
85 2499
343 707
540 1791
208 2115
960 1965
1327 2122
373 3103
875 2036
1078 599
577 223
467 3177
198 1899
112 2045
1307 3149
526 3024
201 2810
1452 3159
96 761
1311 2749
1366 492
342 202
1310 2639
798 1577
109 89
940 3018
488 125
793 2699
1236 2872
50 340
133 1844
699 152
914 17
1295 2816
1403 1178
991 2186
500 485
193 2358
157 1266
39 1131
1197 936
1091 1902
1452 2184
1387 3038
1399 1162
790 731
488 2168
745 5
555 119
837 893
955 2118
156 1337
857 2850
218 58
609 1394
1331 97
480 737
1197 1303
1449 1111
880 2346
575 2662
759 430
1115 2673
658 204
814 2394
577 1824
188 440
424 2586
458 2592
1244 1003
1281 160
388 1018
820 1884
95 2151
1015 1093
1080 3130
532 3081
13 3166
566 2557
1433 1448
674 2774
222 1658
800 2563
459 1759
502 2613
188 1791
493 878
1318 1064
112 675
953 1081
607 418
1134 1789
1357 2271
1288 2777
129 721
784 69
753 442
265 1140
661 734
115 2948
876 1081
537 732
986 2672
46 370
702 567
127 596
1014 1850
645 1735
370 1027
448 1062
1370 2206
621 1073
189 437
1319 2690
421 2527
1 637
1230 1789
198 551
1116 1029
249 1582
481 2137
622 2391
790 1425
1071 556
106 537
641 43
571 1256
428 2047
746 145
1196 1424
162 527
366 2246
55 3042
897 2098
921 2389
426 76
457 1620
1371 2274
1106 1149
767 1654
979 224
1195 2502
698 1634
580 2178
1299 168
410 2927
130 2867
169 1122
1297 5
1404 2580
422 2077
1346 2560
824 2077
1057 3170
898 1448
342 2173
863 2810
863 1136
166 3002
1218 2663
60 2861
595 3117
926 773
401 207
1284 1978
595 237
115 1544
1201 822
1449 408
233 2704
