2294 2788
239
1352 2670
2175 1419
1357 2222
1045 931
1702 2256
684 970
443 893
2293 316
183 2343
1784 579
1653 493
1752 1881
1322 194
1779 2035
1672 1782
511 897
1146 1482
2250 27
1295 2622
1147 2088
926 1992
2057 1071
1773 623
644 2383
1096 754
1578 106
524 1206
1033 1535
889 2120
908 1663
36 2514
707 2672
2288 992
2004 2208
2006 2365
1912 1108
1723 2422
1263 1930
2178 774
522 2465
1426 1944
468 1827
1170 124
1569 263
840 594
117 308
2291 542
956 1444
2114 1324
901 839
2108 989
478 2397
843 752
1968 1618
1151 2569
1260 1447
805 2344
859 1465
1320 588
987 1954
983 1845
1696 408
267 1430
1048 2214
1068 1326
1705 1684
1439 454
702 2242
1854 657
1201 466
1729 2023
1946 1572
1869 54
630 1022
2165 1646
1369 333
1927 1840
2224 2211
740 835
436 875
1631 2070
36 1066
1024 142
1467 2012
1959 2116
1532 2489
517 2354
125 962
352 844
880 1032
1359 16
1152 543
570 1484
1099 2437
1159 2680
1377 2274
1070 1417
193 90
374 2481
2174 626
499 1499
931 1400
1278 2119
1966 320
1443 2358
2273 2211
1899 365
1790 2073
1224 1747
922 651
1739 2733
754 2214
1890 545
2117 1277
197 682
1390 2417
11 1594
2214 1208
164 1831
1301 643
1178 606
887 206
1293 1078
770 1226
1119 2777
1911 2016
548 1166
1595 1884
71 293
955 390
1681 933
1994 1480
1718 858
1999 1749
1973 2511
1888 150
765 840
1072 2488
2257 1142
1706 2309
1362 283
782 578
1740 2641
660 2396
1647 2549
777 2618
588 2021
1681 767
1827 1401
1516 46
663 1123
1003 2762
457 1193
97 769
107 335
1718 1316
888 47
496 1527
1955 1431
2176 2717
178 2600
2077 1949
1846 1443
1546 393
1540 2057
647 1709
402 2307
1192 716
611 2361
1798 1760
1128 2283
1137 1853
372 1596
1029 376
218 846
1543 120
1331 2687
2004 1933
558 1467
1234 2309
1609 2068
148 972
2277 141
579 2049
1827 346
2230 2669
887 266
520 874
798 1403
521 1970
1555 1601
696 2630
479 1724
1284 1023
1294 1973
1575 850
39 2093
251 285
1789 2548
1777 356
1885 2268
606 1116
1392 265
2182 2748
923 2452
1425 2476
719 1234
283 1871
425 2430
1033 614
788 308
1969 2094
2159 2076
1219 274
1406 855
1407 1125
683 579
853 2063
161 1940
1482 2102
1908 1456
510 2319
1958 1578
1905 1779
973 288
598 856
2138 1357
869 1524
990 407
2268 953
1382 2097
1210 420
183 1227
1376 1967
2232 313
113 871
916 1747
160 2170
1757 1979
