88 1526
1131
59 1155
25 1103
71 1131
5 24
45 955
30 357
17 844
66 628
20 151
16 643
86 1097
13 1445
17 1274
80 1254
27 1379
20 1138
24 1066
5 1385
47 528
26 887
47 810
28 1508
61 1389
73 871
80 1099
80 654
78 1227
46 90
69 204
16 75
5 816
85 777
65 1261
32 688
86 637
39 55
81 319
8 1510
87 1495
7 819
58 823
39 341
10 1285
13 177
1 91
75 1291
1 243
16 1052
79 220
54 964
34 1081
36 1115
44 1309
35 1497
53 1487
67 711
51 1015
2 766
84 786
3 1121
42 785
77 1159
74 145
37 597
41 1037
50 1087
41 464
19 218
79 361
18 270
57 575
23 307
84 515
19 607
56 1345
87 245
1 747
39 8
47 1460
7 73
50 440
48 578
7 964
29 842
23 1453
68 542
84 1233
58 364
15 1210
27 149
68 1482
82 685
67 772
60 1397
72 1432
54 11
55 951
77 288
76 923
76 188
1 165
71 182
82 1174
14 832
3 165
79 997
66 1278
57 1312
74 811
39 668
32 531
6 505
36 187
3 875
28 578
48 343
81 438
12 513
15 1196
76 531
17 1365
18 934
12 1273
51 216
32 724
22 1392
26 197
9 1478
65 1192
4 1057
38 74
45 652
44 853
76 1284
1 687
36 740
25 252
57 576
33 1038
86 1219
32 657
2 1331
87 215
45 154
14 7
66 363
43 976
72 1050
39 197
9 50
42 334
21 503
73 1382
68 8
47 1241
5 600
16 786
17 321
26 739
55 461
82 755
32 809
49 957
48 9
15 514
82 846
27 628
42 1136
84 1465
35 876
35 282
56 437
79 249
30 405
8 577
78 909
34 949
86 1218
46 1303
43 519
17 1264
25 700
33 868
58 1315
33 1315
74 852
52 1281
81 272
35 730
79 1036
40 1310
45 268
11 384
38 231
58 1074
86 904
58 112
41 493
47 900
74 37
12 406
18 959
12 912
31 288
45 1037
73 1171
27 1385
59 1328
11 544
64 180
80 410
26 560
43 1364
71 851
82 1051
34 61
34 1256
71 901
41 686
58 1415
76 294
83 1196
86 558
39 225
19 1075
51 588
80 1336
83 1301
74 17
82 447
52 105
31 211
11 666
34 1026
32 524
36 134
13 370
52 986
71 1125
54 1385
85 776
23 760
86 466
14 102
64 551
81 361
8 814
34 1215
72 1102
47 1456
81 28
83 1093
19 1127
35 1080
6 999
83 271
14 1094
35 937
32 184
28 870
88 1291
42 11
71 987
37 98
87 1350
78 1109
43 1334
32 197
14 313
33 78
83 230
71 1420
67 1111
49 1162
65 318
27 37
45 456
23 1120
23 182
19 635
81 450
42 1221
60 184
62 769
47 1163
87 804
10 470
23 1215
75 1442
85 105
13 43
63 25
23 66
43 917
16 463
76 1436
86 887
46 361
43 633
57 1318
42 773
16 68
58 1336
3 863
29 245
86 23
85 894
9 1218
87 403
31 789
11 243
76 414
59 758
34 165
78 1060
11 431
48 629
48 445
22 1131
26 806
36 120
81 762
62 593
6 1508
59 628
8 1314
43 1394
49 1186
59 447
19 328
75 163
47 227
25 1396
7 384
53 1506
67 472
59 397
27 198
6 476
1 161
67 1313
42 589
31 36
61 290
73 116
11 49
83 680
77 124
55 621
38 858
44 932
17 1475
26 1140
8 997
52 407
12 1199
39 772
66 952
7 49
52 777
53 1253
12 29
33 794
41 759
13 793
45 256
32 206
1 44
10 134
48 1007
31 152
34 668
2 1483
83 253
15 1254
8 770
54 42
65 157
82 951
1 451
83 839
37 967
47 3
43 1457
81 223
82 238
83 516
49 406
82 792
46 1099
70 140
50 793
80 323
46 72
66 398
44 1001
21 658
13 776
71 782
32 387
70 869
77 1242
46 186
54 507
69 1333
79 94
25 96
56 443
2 1249
54 1141
9 931
15 74
22 97
81 168
87 1243
78 9
79 659
6 836
73 764
78 1213
26 198
17 979
61 950
63 1414
22 83
68 885
13 1525
32 825
70 405
56 802
20 912
73 174
61 139
84 1232
69 1051
17 399
61 809
83 557
63 107
61 1236
42 165
51 1030
69 287
26 1479
35 1413
71 620
45 1194
48 77
56 21
81 1064
23 986
12 1093
9 158
31 1379
63 1231
38 643
26 460
35 951
28 258
71 396
62 634
21 267
25 197
38 1196
43 119
4 951
38 80
76 101
48 1023
29 653
38 928
71 789
50 1243
76 11
45 225
59 1338
36 945
83 1324
2 174
63 775
6 626
22 714
88 1193
11 365
32 966
84 390
5 197
40 547
78 1352
18 466
40 501
26 1308
11 778
47 1497
11 1418
9 1283
11 1073
15 1516
59 1525
57 1153
77 171
1 1486
10 505
38 540
4 49
64 1251
42 796
21 1252
48 690
12 984
55 427
67 1269
75 872
55 1300
44 500
38 404
72 176
85 692
5 1348
17 909
4 1257
15 1344
76 254
56 878
10 399
74 712
56 195
8 1246
6 1214
29 1244
38 954
17 184
45 65
75 512
7 776
57 1310
10 587
16 161
33 135
36 1270
14 337
77 1004
59 1146
26 978
35 851
74 688
17 94
63 1015
76 1336
65 500
46 944
8 749
33 710
55 585
32 983
25 936
73 1054
27 98
70 712
33 507
10 1259
27 599
84 181
10 2
73 1343
12 1465
87 1117
70 286
81 468
50 955
21 678
87 955
66 998
83 171
15 960
47 975
88 823
60 1246
25 155
33 145
3 398
40 727
48 1312
9 417
11 336
32 1049
28 227
33 643
60 439
14 338
58 728
66 585
51 1521
41 831
20 1374
14 301
69 1183
72 966
30 80
42 354
28 200
6 840
64 363
80 681
23 1043
28 717
88 1497
61 1382
5 1017
63 1347
34 388
85 987
4 589
6 943
33 667
14 1519
15 787
83 8
40 251
7 1013
68 173
34 124
48 70
57 1335
86 596
85 608
63 202
25 78
23 1190
33 1420
63 567
67 305
38 462
80 966
49 372
21 758
28 337
29 108
3 1245
52 146
81 427
85 985
81 423
88 103
73 1443
69 1133
85 1229
70 763
26 228
73 981
77 354
1 1009
7 269
36 870
79 1449
64 253
84 213
35 1496
48 404
87 590
28 1523
22 1416
69 822
20 808
78 121
78 398
19 908
25 735
78 602
44 244
82 379
70 231
59 7
36 249
51 93
30 372
33 470
61 294
48 448
63 260
77 1304
17 596
66 716
52 458
59 909
14 732
84 211
33 183
63 1440
49 387
74 474
59 254
23 70
16 726
80 801
14 1097
19 509
76 638
67 1046
69 358
31 1133
75 1116
42 1171
28 1358
75 104
9 948
2 5
31 460
60 193
48 627
10 835
27 1345
62 989
4 101
32 952
74 219
23 59
83 718
87 657
8 333
52 1256
30 474
17 1194
52 1376
38 327
58 429
34 517
14 1038
36 57
84 377
63 952
27 21
87 66
32 559
84 1027
65 124
81 1323
54 623
23 474
67 1448
9 288
76 1248
24 800
44 314
4 331
73 715
56 1431
30 1397
25 131
60 690
4 362
18 754
29 1524
41 27
39 1108
12 635
16 398
53 1276
83 1272
12 580
7 211
63 791
8 275
78 49
84 1242
30 103
41 463
12 332
47 767
1 29
28 702
20 174
25 387
87 1523
69 1239
3 23
55 1305
87 1282
6 35
72 1365
17 503
23 385
27 398
58 217
47 1522
54 1267
4 938
4 1500
26 1430
16 567
48 724
87 1165
86 333
65 200
66 34
43 991
15 655
25 467
15 1041
22 1098
74 234
26 1081
3 162
53 952
76 103
38 965
72 1393
86 793
87 1499
86 336
55 642
78 574
56 1291
61 1291
17 1033
60 191
51 477
77 1482
9 168
67 1132
9 1426
56 1007
79 1158
65 1497
14 1384
11 188
84 635
3 361
56 99
30 1355
26 800
33 1073
13 248
40 484
13 1057
32 1525
59 534
71 225
87 1478
88 1016
43 469
42 8
16 1027
47 502
66 619
30 1194
13 869
72 415
50 5
23 248
42 1435
5 811
50 1429
70 453
69 606
4 1411
38 547
47 844
20 404
77 1232
7 1270
1 672
27 50
75 161
35 406
79 488
79 1085
25 1402
66 988
42 921
22 1471
87 48
11 883
26 1062
88 1255
17 1471
22 697
84 834
82 267
63 1141
31 59
36 864
13 619
23 101
64 969
25 1034
39 732
66 1506
42 287
33 978
28 551
46 865
49 919
73 271
16 257
39 350
7 195
17 521
59 423
39 451
15 113
73 616
78 1014
37 169
1 112
1 968
83 1180
37 1052
5 1313
15 804
5 1011
79 692
10 604
39 822
17 232
32 27
48 53
50 1302
27 475
80 1387
66 791
44 1366
11 611
66 1021
37 87
75 1004
16 858
20 807
61 1265
83 177
10 1080
7 196
40 1266
67 109
72 18
83 906
20 376
27 825
32 697
71 201
31 1219
27 624
63 1324
9 617
40 1058
31 342
8 51
88 1320
60 1037
36 1095
64 1200
20 56
34 869
50 161
38 821
83 1070
61 688
2 1103
88 369
21 696
31 1257
77 153
21 1108
62 657
34 902
14 694
65 1127
9 726
49 493
81 811
9 1371
13 1293
50 708
51 789
37 1107
38 689
43 1141
15 764
46 505
15 1109
15 439
80 1489
15 551
71 1505
62 1080
10 791
62 1014
14 1084
25 1143
87 1219
22 1061
38 15
15 1524
15 241
1 1237
82 455
48 1098
50 464
75 1506
49 840
31 1409
44 1382
32 66
20 506
33 570
2 282
70 697
55 1483
48 1423
24 1177
17 1255
81 1069
29 184
59 587
65 558
55 683
4 396
47 988
83 1379
43 1267
61 1124
78 356
49 1005
19 1260
74 160
4 1075
31 1247
33 185
69 1103
73 334
1 556
78 411
24 590
72 1410
77 826
88 652
11 688
81 1450
85 1328
64 1512
53 959
66 552
1 1473
60 270
52 166
71 1414
3 25
33 591
33 56
2 328
18 11
15 441
2 1375
42 1025
79 118
4 87
23 1482
5 862
50 1298
48 633
62 931
68 858
42 926
37 1269
34 978
52 364
44 1007
46 1206
39 473
56 293
44 1197
24 1440
14 411
33 1427
45 193
61 907
8 1054
13 420
2 283
23 521
57 650
43 1206
49 162
28 845
17 354
47 946
61 370
21 388
46 1407
84 1365
32 837
43 155
56 1204
38 1277
56 419
67 37
53 1501
29 230
70 1217
34 277
22 62
83 1459
59 883
63 583
29 361
72 641
42 401
86 1064
64 855
58 897
49 120
14 1518
70 325
27 1165
6 1035
49 963
28 417
81 1047
54 37
80 1329
63 1234
86 53
55 859
87 567
13 973
39 807
45 112
86 1473
51 1226
80 590
73 169
