451 1778
262
373 83
26 1197
66 443
35 1074
183 1715
330 1219
134 631
120 720
313 740
83 1003
224 50
370 428
80 1567
77 320
215 88
1 544
95 332
391 746
39 548
32 169
361 1309
276 288
293 639
32 1759
344 359
331 37
217 323
30 1085
365 612
226 680
258 1492
158 1353
387 1228
58 914
2 1078
317 1005
273 785
386 1547
33 610
290 1642
316 560
117 277
211 1773
9 1087
109 749
134 1330
196 1603
143 1740
382 231
159 65
192 1455
126 1114
281 1172
215 30
232 1404
424 504
161 184
104 252
362 1614
275 846
33 1012
158 829
286 1764
367 28
343 1539
211 1319
150 1534
272 1626
375 1627
399 1168
135 849
27 1408
290 1070
339 610
401 741
241 460
358 832
378 1125
380 1396
115 1006
24 753
373 1746
6 52
206 1384
292 1026
37 932
220 235
387 1095
385 1700
394 48
288 1283
76 786
267 1546
3 239
378 964
281 348
37 1394
193 23
306 77
382 165
85 352
443 1572
294 1188
313 1101
54 1172
49 593
373 1571
378 1653
34 1367
40 1681
219 144
230 227
60 1278
289 568
79 1205
17 1027
40 1726
439 1244
281 963
361 701
108 857
271 1591
97 304
1 282
221 248
54 1458
174 1395
418 439
445 1503
40 346
15 46
251 1600
106 836
167 1449
148 69
325 844
199 914
317 680
167 866
327 1267
31 694
257 1609
293 1315
395 508
136 574
238 1035
101 461
386 1501
79 1161
339 1
437 1040
200 356
194 57
437 344
295 444
226 1770
263 1709
376 666
409 612
278 734
164 1294
39 460
188 645
173 346
152 921
451 912
208 802
333 428
70 1129
145 212
332 635
10 1627
445 909
366 527
309 61
71 1360
446 624
428 972
324 463
168 174
343 627
351 1442
130 1754
273 1604
240 1355
426 1555
324 1710
318 1711
190 600
106 411
27 1648
251 58
373 1085
130 620
99 82
389 1675
59 1262
438 39
189 1044
73 118
291 180
412 316
382 1730
7 492
374 112
111 372
443 255
333 586
120 124
398 279
251 1562
416 838
36 1746
365 981
33 368
258 1384
167 1412
441 1203
144 1626
118 914
266 1132
74 474
2 779
101 1582
338 661
291 1768
414 300
54 119
72 36
376 606
183 744
378 1511
390 1074
100 966
105 276
451 35
127 440
399 1673
336 1504
83 392
312 225
208 461
234 939
203 1402
324 1246
416 667
182 1002
253 550
274 327
199 865
307 1576
411 144
175 1016
227 1560
394 1278
136 1034
244 1038
343 1174
346 1610
212 137
21 425
131 1497
