404 3362
2277
228 1854
399 2489
361 1854
195 628
296 2279
251 860
262 1716
103 8
100 1885
158 2042
223 3340
383 3075
309 857
9 2508
44 615
59 199
113 1018
305 1990
271 3348
54 3288
243 2074
147 222
208 3152
231 2749
133 1888
233 2811
113 1656
228 1599
349 3187
21 750
250 1468
347 329
383 3153
192 1128
268 2884
55 1265
105 2690
47 2684
150 2162
209 1989
229 3326
249 3060
234 1315
33 574
312 1974
61 2621
313 1396
378 388
211 2105
91 857
246 2734
304 1957
86 2241
170 782
183 757
130 184
12 597
126 356
232 3296
257 216
385 2455
1 2228
246 3234
251 1096
24 863
90 308
157 1909
334 4
5 1860
207 2689
20 1174
92 957
33 431
365 3309
31 3061
19 3090
282 1806
351 845
359 83
65 157
382 3251
220 1146
308 2451
351 106
265 3128
356 2042
274 3094
366 3158
109 2110
380 985
401 3154
203 370
298 558
55 1829
241 1137
38 699
249 1068
54 1618
337 806
211 599
109 241
37 791
241 2238
66 216
166 3185
91 1574
129 2634
392 691
257 762
239 3361
284 1955
114 2251
66 1206
395 2127
298 412
103 768
210 658
72 676
384 1188
77 361
191 1699
360 1666
263 1117
382 3129
370 2298
175 1109
234 3110
94 3257
190 1429
71 2318
261 161
254 674
121 1136
335 1296
152 615
294 860
296 2035
75 1275
14 3091
305 1620
186 840
123 2208
158 848
95 3063
153 1758
297 2146
283 2341
117 3016
115 646
231 558
353 1248
93 3141
322 1506
214 12
70 692
8 2477
181 2507
153 2353
156 1367
361 717
180 1553
2 2603
313 3089
51 286
123 3143
241 2216
60 3281
363 294
83 2882
344 492
357 709
15 1685
335 1074
330 1335
346 172
383 110
331 1213
147 170
310 2853
209 2252
268 2155
174 748
345 2329
219 1814
107 2112
56 3111
386 2638
192 292
348 2724
229 1087
321 1500
41 2686
122 3282
375 849
160 235
29 3085
302 1651
370 471
311 266
327 2640
193 2001
250 363
268 2993
126 2063
332 2171
388 2846
268 539
388 1305
62 1854
384 3005
17 3155
2 1177
368 2896
239 1800
282 3010
74 764
207 2279
184 1178
279 537
225 396
65 1936
56 2888
252 2339
272 496
222 818
158 430
185 945
218 1033
390 1301
165 1884
118 1628
15 2800
370 569
324 2115
110 3006
273 2516
4 3029
203 142
82 105
341 3224
391 648
41 3297
43 2276
236 1497
341 529
199 2752
320 984
68 1418
320 414
314 1634
378 1167
177 732
149 2224
90 62
314 1468
300 126
314 2526
241 3191
143 2868
84 2182
216 2084
353 1281
75 785
76 1646
168 2211
81 960
21 1400
88 1507
402 2179
44 1464
243 1329
262 1887
87 368
149 1356
182 2308
321 80
218 2895
282 2145
252 2549
83 3231
143 3289
393 39
261 2567
219 1142
281 993
240 2549
135 2062
221 282
340 1205
367 2446
254 586
51 533
396 3180
354 2686
126 2701
45 2362
362 1552
382 437
124 1468
216 2919
337 1133
344 1536
3 1870
23 2393
199 989
363 988
33 943
131 1939
404 652
357 2596
243 2450
338 2792
221 2149
287 730
297 1295
131 2403
382 1532
260 656
61 1258
143 1492
403 3017
225 824
318 2944
74 2802
213 1847
291 1421
337 1476
61 1933
400 1143
27 2830
65 2445
210 1127
133 2998
344 44
275 37
159 1574
397 1913
202 929
351 2262
269 2203
334 262
239 604
76 2712
89 124
198 3120
369 2500
107 999
127 2895
51 3287
202 2200
286 427
52 3259
96 587
358 2423
204 89
32 2235
404 564
388 728
339 41
362 2622
81 178
145 2094
19 1694
207 841
214 746
344 3064
347 102
392 1307
39 2519
92 2019
91 2319
97 2349
142 1
295 1893
296 582
197 102
148 959
243 2464
278 1760
302 2565
104 3143
208 3300
296 2759
310 3296
87 2562
392 2662
40 3059
265 1752
192 69
309 1423
306 2645
28 646
397 2569
81 1661
358 1476
277 550
290 1084
182 2046
167 2270
252 1488
21 799
401 2329
72 2038
91 2591
157 1922
115 1502
354 2863
373 2106
332 2366
372 177
358 2381
282 448
351 1854
288 2451
340 684
318 1749
7 242
28 237
282 2150
388 1143
248 1370
34 680
98 1850
72 2817
140 1140
184 1458
357 1994
291 3091
390 2467
129 3299
144 925
401 2394
226 3014
330 3326
271 2701
388 1479
143 3212
235 362
356 772
73 3220
224 597
367 2597
139 1120
224 1175
281 747
62 342
271 2283
201 1792
211 3033
26 28
207 1276
66 826
136 903
284 1679
46 868
20 2992
224 521
289 983
358 971
13 3341
370 2473
223 1017
340 2954
389 174
403 2254
77 1147
178 800
400 1344
210 1435
59 897
122 926
99 693
242 1656
29 2388
49 1983
113 2586
248 1040
116 1311
218 1242
225 479
36 1568
1 2045
367 1866
29 965
86 724
81 2367
163 213
205 1619
177 2189
213 612
349 1732
330 3118
324 2676
172 2445
328 3015
223 1192
64 2313
241 1213
90 2865
316 2053
84 2107
146 2755
78 701
350 4
309 2966
216 22
312 3129
348 2067
193 1892
383 1973
142 1026
24 40
81 965
111 1702
12 343
345 609
402 1592
268 1845
207 162
134 1174
74 71
27 2727
57 2737
186 3323
48 2784
117 1285
251 3133
74 512
210 1531
111 580
385 877
171 3303
324 1915
63 1142
68 2505
53 2563
17 3344
375 2838
142 2994
296 2349
143 392
100 3074
12 2471
348 513
382 3269
62 2063
37 1220
299 2892
225 2199
30 269
7 2103
293 2930
396 2614
227 3291
20 1511
375 885
146 348
31 2646
237 2337
180 3261
367 2520
317 126
345 1375
296 2789
193 3310
208 928
291 578
82 2582
129 2254
127 3084
103 1163
241 3215
271 3249
10 3116
158 739
290 1548
183 709
267 553
326 968
355 1180
89 2991
28 1324
20 2217
348 125
291 3253
258 37
50 1627
355 1902
52 2752
304 678
239 3252
340 1288
270 2389
185 1918
329 2995
155 620
245 1086
6 2820
317 1435
118 3229
316 1788
112 2212
279 2874
394 1834
367 340
374 1441
171 137
306 3332
394 2557
135 2816
148 2089
270 2896
36 1546
372 1372
181 856
58 2200
371 2031
308 2892
91 2233
264 2396
168 3142
237 1266
208 3356
173 2245
404 588
304 2572
189 3230
244 2788
266 2509
371 405
192 945
300 553
360 1161
131 1012
15 883
91 1705
24 1510
247 2397
8 1778
330 3295
266 2378
355 846
269 2679
26 3199
390 3047
91 2703
235 180
42 2855
381 1313
286 752
290 615
241 2352
381 2560
386 480
13 966
238 3352
171 942
378 3233
226 277
117 2439
325 496
273 157
319 2475
25 381
166 586
153 2066
48 2370
296 3280
216 1872
75 1360
28 690
45 82
205 3028
336 1447
316 3292
47 1604
96 1496
67 2758
265 2279
140 3110
350 709
375 672
333 1223
124 1520
183 3265
346 806
16 1072
22 2542
250 2795
180 3234
63 2822
176 884
55 2688
255 1594
27 635
286 1721
19 1580
130 2847
312 1869
69 1037
181 2139
197 235
62 2590
189 2240
114 1914
118 2289
217 3298
11 305
97 482
108 1859
162 1955
4 973
165 2159
234 681
59 2996
137 1517
77 355
344 2407
110 1800
110 1523
112 1770
56 3187
304 2712
151 3322
57 2838
148 1096
191 735
375 2908
28 1093
258 150
115 949
213 390
343 2755
224 1595
353 53
21 71
178 3116
117 2705
363 3065
220 2702
339 2776
262 1035
193 2670
65 1079
349 2484
63 2494
166 2680
242 1609
42 942
392 877
306 2166
285 49
356 1255
212 3044
49 781
274 242
138 1809
358 945
224 2565
316 802
385 3359
19 830
305 2614
362 1479
255 1741
113 1887
175 1761
13 3305
86 587
59 302
346 632
11 84
180 623
231 862
316 2634
265 433
374 90
350 2865
355 636
296 190
256 1368
80 935
399 104
319 3217
31 1903
119 3284
144 3329
318 29
339 1800
150 1571
128 2599
401 3330
115 479
32 2188
360 437
349 2267
357 1367
195 1687
231 1760
16 251
266 1109
49 1127
85 460
221 2664
195 2895
239 643
341 1502
107 3258
38 2092
46 2156
83 511
249 2996
9 2906
173 1335
21 160
22 1597
326 2976
383 1647
138 1614
16 1291
161 3315
72 2130
150 2542
7 88
138 2295
328 1727
24 3349
38 476
262 2836
212 1981
227 1375
145 2265
42 3107
99 773
94 2454
29 1363
345 1859
3 560
401 771
20 2131
56 1396
331 1315
216 1857
14 523
63 3052
148 2178
381 593
398 1893
156 2950
141 1505
218 1000
26 1823
261 2380
363 861
57 3241
81 63
210 3125
57 1644
135 3087
359 2093
351 518
192 3281
272 2856
286 1776
233 643
110 3288
360 1779
304 1428
346 3222
208 1327
373 2007
231 1988
357 1902
56 2085
304 2619
402 2372
391 2711
147 2463
253 41
197 111
23 711
181 1672
89 2067
219 580
359 2217
240 488
10 209
115 2397
157 2208
296 1005
335 2829
342 222
394 2965
288 951
153 1810
310 2225
14 2728
268 218
240 3233
113 2031
268 287
44 2132
336 1723
299 1775
240 1936
108 201
78 2593
391 920
304 2341
318 700
366 71
1 1620
69 3256
4 2482
377 1682
43 2274
303 1729
216 1943
149 730
182 2080
131 1666
9 1186
108 2542
44 1176
303 1673
378 3324
154 2761
76 2798
161 2451
155 1239
354 2720
78 397
175 2801
279 695
45 2029
316 2872
270 2383
123 651
87 2010
95 225
336 1279
288 2694
180 559
202 2767
62 1645
359 2396
357 383
329 950
324 3354
108 1082
262 1568
23 2435
83 1878
38 3224
167 352
42 2634
309 2384
25 1733
272 168
156 257
135 3258
308 2952
272 2110
223 2105
230 3321
363 1526
315 795
369 3176
273 461
373 425
136 2284
34 3136
8 2240
114 2697
286 875
38 93
38 783
266 1370
311 1421
376 2315
213 3339
399 1719
356 3238
291 1814
89 397
336 2897
43 1710
357 552
83 938
349 256
311 1505
98 2152
327 1024
318 1006
217 2382
36 2069
370 71
154 755
189 1352
98 3270
337 2256
269 77
153 283
31 600
119 553
92 2600
311 2933
131 2932
264 3245
55 118
278 3129
94 1077
106 3293
27 1281
60 2258
49 1780
295 3339
217 998
310 603
141 2688
49 1175
211 1175
214 1268
293 2432
31 2346
235 3205
112 943
25 813
159 573
195 2625
175 2834
379 748
116 142
16 988
230 268
246 1721
175 2417
388 124
327 119
370 1524
337 2056
270 875
28 1538
377 70
16 1704
241 2644
287 655
265 1241
360 1464
268 2285
11 1997
114 759
91 573
19 1972
268 2336
327 1340
97 93
301 3112
201 583
182 1830
391 2904
71 2557
212 1340
157 173
10 948
234 3122
119 25
366 895
294 989
76 2189
5 2159
282 625
246 1332
399 244
402 2443
167 409
356 944
51 1974
260 2570
298 1921
36 3188
303 3171
373 1680
367 2840
372 881
227 2411
161 1718
350 3204
179 1008
224 2995
198 2029
56 2491
99 1968
86 2430
193 1662
225 1341
24 2707
66 2350
130 415
21 1641
281 1328
195 570
142 860
280 185
111 3049
311 740
2 813
380 3249
48 1074
114 1356
21 3031
387 1481
283 181
273 763
115 1772
386 286
55 1309
270 3245
247 2021
4 2028
10 1550
184 2445
387 3069
70 1311
133 281
281 3093
399 467
159 1770
6 2038
97 675
259 2677
150 1773
299 2167
328 451
210 2315
74 360
289 2687
155 227
376 1871
332 3218
311 1334
382 447
79 972
13 2884
15 123
230 144
48 15
46 2545
294 1880
322 1660
275 498
398 1880
361 65
76 2954
273 1570
217 159
318 1037
259 2544
138 2561
252 3260
201 3108
213 379
127 1821
359 2567
168 2637
186 215
256 642
199 3218
109 2347
301 557
324 2155
221 2080
340 775
41 3208
191 1829
173 3246
179 295
248 1215
214 279
349 2265
170 2404
333 2571
253 1802
186 2800
274 3348
54 379
345 120
2 1649
19 1719
291 3211
210 1564
379 3020
258 981
121 2398
113 2049
359 2661
98 247
370 3223
67 1340
119 231
372 3253
52 1372
133 3172
259 500
144 1445
174 222
38 1510
236 2450
331 3233
236 2401
220 2978
190 1713
59 2164
172 1929
309 455
89 1617
212 476
380 535
69 1946
122 456
237 1135
219 2698
176 1434
303 2610
280 637
352 2345
70 1153
323 2680
302 2644
177 459
167 891
20 3274
136 3061
313 1228
253 3168
343 3321
311 288
49 2382
87 2178
240 272
143 1500
48 2067
203 1425
374 1023
210 1368
60 1917
280 2958
230 1086
243 65
54 2118
180 2197
294 1107
219 1761
125 327
294 2817
303 2913
389 1210
254 1096
374 1571
228 1498
7 2333
222 1645
144 3323
212 258
356 470
223 201
383 2086
266 815
107 1300
35 2372
68 1248
340 1698
235 943
176 1100
391 1892
85 2697
269 1242
70 2671
119 2048
97 210
106 2526
347 1061
144 2204
355 920
117 889
358 1238
188 2948
51 1773
284 1834
39 796
45 2619
332 3132
205 2686
275 201
14 259
345 1510
348 1430
174 1061
77 3225
339 1014
160 2723
404 2042
378 375
293 2445
128 3271
394 1582
254 201
66 1998
190 1057
105 1234
61 552
179 230
233 2113
9 990
278 1198
40 1788
133 2830
322 212
149 2003
44 1682
190 2169
132 905
109 3301
228 955
138 132
293 996
145 1705
79 1987
213 1254
169 813
60 1279
88 1211
244 248
227 1125
174 2570
276 1822
206 2765
92 1975
156 2369
373 983
367 3221
316 1768
234 2456
29 699
319 18
46 3335
11 1835
184 1960
208 3240
9 315
68 1638
395 857
190 1470
367 2855
370 1233
67 1359
172 883
148 1286
213 600
182 959
109 2077
338 2705
237 1502
220 2089
105 3186
201 2433
307 2993
214 2320
264 636
70 72
281 2333
353 2947
359 1133
211 166
112 2487
242 2471
52 2077
76 378
182 512
44 1784
230 652
270 2590
325 603
297 3132
263 609
361 2785
299 964
380 3081
226 1955
160 2324
43 687
210 2135
391 472
277 2091
281 2993
223 535
251 2240
212 2988
260 1419
249 1513
286 2908
65 1738
316 2770
25 2164
308 3298
132 2316
336 1018
12 1756
134 236
348 2151
174 2350
219 2163
217 2223
34 1636
390 2774
253 2075
217 1815
258 116
174 2520
222 1269
62 1804
79 2437
146 1655
329 2448
404 1120
53 1048
233 3128
259 1456
233 3147
401 606
385 1770
5 2707
23 2131
196 3212
53 1816
18 2350
68 3057
400 190
122 1191
295 2416
55 2847
269 2371
70 2233
323 2337
35 359
320 307
90 321
48 2884
265 3079
290 2432
186 666
36 1077
384 181
7 317
64 3030
247 3272
207 2784
355 2395
192 1267
392 2551
110 1595
2 821
256 2152
63 3340
201 1591
21 3334
123 2851
264 2669
374 344
121 1182
213 1087
98 1192
147 3277
347 1938
1 2787
222 2557
130 3125
220 3186
56 710
160 916
391 2264
150 472
253 99
242 36
71 2509
3 3338
344 2632
251 1188
300 1896
341 298
101 3224
8 2756
77 816
31 2221
52 842
54 2353
161 3271
237 284
268 1982
390 3130
96 2008
125 153
122 633
169 3002
402 2054
317 122
332 718
271 1863
270 183
332 1589
114 550
92 1994
273 2018
105 2258
220 1151
186 2180
51 3230
385 2512
85 321
73 2379
152 1420
106 1128
121 588
39 808
285 1344
389 1758
215 2885
296 2422
200 1838
369 2447
158 1455
173 1661
26 3049
274 1643
365 612
301 1034
125 256
378 528
294 2017
356 1374
318 2318
15 2127
365 2716
96 2636
248 2458
5 249
134 1702
140 1490
145 2658
53 553
35 25
194 556
301 52
395 1020
316 2711
291 1890
210 2112
243 3286
94 2258
3 2329
359 1165
142 2871
272 3352
401 3180
171 2224
392 2297
183 1145
201 2691
386 2822
174 619
362 1201
190 2319
364 3338
84 1793
214 2618
232 2154
380 2831
33 2018
146 2049
52 2871
319 194
321 1132
39 14
4 2954
14 519
262 810
299 1159
297 2647
287 1682
381 1900
366 1411
100 926
92 2025
94 743
271 87
41 1018
325 1636
243 2145
361 233
62 39
252 427
128 1993
340 2123
241 2951
272 2162
368 814
283 2805
270 3282
51 799
309 1967
119 1540
312 89
279 1693
355 3111
399 1333
178 3361
222 1341
91 2612
55 2991
396 1805
32 977
80 2929
29 1382
74 3098
84 2542
228 298
360 2074
264 717
167 122
206 2840
70 2953
350 78
387 1162
96 1767
82 988
162 1578
192 2326
2 121
384 2
303 249
338 1589
161 2859
145 2388
112 309
136 2173
316 2503
340 2524
1 1579
253 686
32 3259
100 781
13 1163
65 3086
326 1202
340 793
369 2781
25 1576
84 2091
301 3305
285 1379
96 1849
57 2745
386 2564
303 2582
247 180
92 2001
343 1140
55 3096
47 113
384 2709
154 2478
107 900
275 3296
221 2151
72 1047
393 1478
189 2362
49 493
270 340
155 2840
355 2969
376 1728
254 2609
236 2845
278 3038
39 1259
312 2350
201 178
90 508
216 1608
134 1459
303 553
214 2608
56 1471
123 110
139 2970
258 1235
230 181
369 2927
84 61
369 2606
7 328
180 960
210 3052
20 3010
132 2009
143 708
108 2458
3 2337
136 821
307 1787
346 1734
151 2624
363 3103
329 1359
218 577
184 1048
41 1303
334 986
262 3157
8 657
28 1236
49 666
77 152
282 1068
305 1039
383 2734
353 2565
252 1662
153 592
58 1310
274 1973
153 1941
294 2805
209 2483
391 1512
374 2686
230 543
174 1993
63 2190
345 1674
249 590
350 2519
178 823
134 1321
198 2809
386 2304
10 1720
313 184
89 180
111 990
92 1164
24 750
373 3260
289 2083
339 1875
54 636
236 79
295 1236
122 1625
404 1426
13 608
163 1560
118 1324
27 1703
168 134
156 2299
114 2128
55 1811
98 2629
380 2507
283 229
155 640
392 129
259 1446
296 1665
172 3286
335 2507
149 3321
365 378
135 984
97 1975
251 1388
171 2741
113 1228
256 1662
295 3140
133 1624
1 3252
160 2288
9 275
308 1016
273 3319
118 2927
148 632
200 2761
210 685
83 1862
46 1844
319 786
252 1234
267 2483
350 308
258 1718
184 928
270 2580
302 311
381 1247
358 1710
54 98
140 3044
295 66
314 1085
45 789
196 242
258 1325
45 1606
219 1169
131 1850
204 2620
163 78
118 1508
61 2608
118 2389
284 2239
113 1614
66 304
210 928
61 1944
205 813
186 2080
186 2488
347 2000
10 2154
332 1157
187 3226
148 265
372 3153
267 1861
91 613
43 1293
320 1856
226 3052
279 1878
102 1810
243 1428
294 2246
85 1428
214 1901
121 2643
275 364
153 964
135 373
148 854
140 39
35 511
387 2459
128 3258
229 2527
254 2835
211 2818
320 2879
177 1401
238 2278
374 817
7 2803
268 193
62 962
149 1066
369 3352
252 2303
100 1390
345 2532
145 1213
18 3274
139 207
235 731
153 2502
115 880
25 3129
3 976
182 3110
358 172
345 2184
164 2568
199 3323
92 55
210 2164
184 1011
251 670
328 839
288 1675
378 604
218 670
304 996
321 490
41 161
213 1150
26 3229
29 1226
250 2924
282 1906
388 360
107 959
237 2452
178 2848
61 921
199 308
404 2444
233 1074
178 2621
254 660
118 2016
68 674
329 294
130 571
142 2899
381 2358
385 1716
212 2633
141 3242
324 1538
368 1874
69 21
328 482
152 632
209 1004
379 1113
103 511
252 2719
5 634
212 373
205 2718
13 2170
163 2404
82 1559
303 1665
312 3358
62 1554
392 1228
63 2537
52 2939
17 1244
363 681
45 1092
163 1280
308 2682
133 322
44 2867
137 2337
378 1729
125 1622
326 766
345 3285
136 1320
91 2451
357 1910
223 2265
226 3323
66 1964
222 239
48 1085
371 2271
290 2847
160 1106
55 701
330 2695
59 2431
163 315
155 533
183 2016
164 2364
12 2285
382 1328
19 3075
187 33
295 2244
174 3202
211 690
309 1962
165 2770
254 1277
380 3288
309 871
202 1873
119 3067
363 144
106 3197
356 2933
396 1404
293 2936
34 1936
20 2214
143 3244
97 2165
345 1413
230 980
102 1252
258 3165
381 1346
93 3305
153 2858
262 863
9 1128
377 1993
51 293
112 1024
287 1087
372 1037
283 3338
259 2521
258 1491
230 713
253 1718
181 828
46 1658
153 408
217 3002
349 870
381 195
364 526
358 847
368 607
347 448
199 841
153 1457
10 2494
340 2122
144 2977
332 2856
303 1521
97 1230
248 1889
271 158
245 2048
318 2351
289 1413
172 3076
17 1783
386 1785
251 2172
403 3011
160 1661
23 2122
306 2038
17 231
154 3194
336 2191
281 1789
87 2872
250 87
362 2614
11 2750
364 2910
62 2985
49 137
148 2837
240 2719
143 95
278 1849
396 2249
88 2208
381 1379
343 706
28 2209
400 2649
308 2563
209 1521
65 1516
182 329
141 268
56 2517
60 3289
135 1733
245 2784
19 1236
119 694
303 1155
352 1943
49 2254
329 243
56 891
374 2408
84 2613
357 1077
119 560
59 2966
393 3034
343 1520
298 86
115 1925
76 2932
192 3143
314 988
381 788
91 956
47 3195
206 2206
332 2804
377 470
83 1375
92 1352
6 2061
387 3271
172 1040
94 1097
347 1824
224 696
370 2693
254 312
217 321
286 1375
84 689
188 2404
1 1468
328 3057
69 992
273 472
238 611
135 1549
403 1415
271 1063
224 1250
394 2815
218 1660
18 1947
204 1948
283 1010
210 748
73 1465
162 1992
112 1444
196 2446
97 1608
315 1038
339 2966
390 79
139 566
95 1044
360 2009
292 1709
17 831
404 2289
64 1928
157 1469
151 985
306 398
386 3165
208 2862
279 2768
17 264
263 519
302 386
401 2212
31 2582
146 726
198 949
180 2684
233 3334
247 2255
115 1115
90 2630
25 20
91 35
97 2987
11 1074
89 2698
190 1906
395 2611
96 3351
6 3073
182 871
381 1910
13 2642
98 2184
170 1366
341 2025
227 1354
275 2012
202 3087
156 1169
315 1366
320 309
382 2808
252 2439
253 2160
185 1069
33 379
290 489
203 984
93 2470
337 753
180 1650
20 2513
12 540
111 2243
78 986
318 1181
238 1921
76 2118
157 895
349 382
254 2379
99 707
110 3335
86 234
300 117
374 1544
133 2890
208 1503
40 1179
313 71
45 2450
207 3074
374 2047
207 436
51 3211
113 2949
103 1519
169 2887
124 3042
222 484
104 238
269 3227
287 3049
215 3108
362 3260
234 3172
390 3227
158 671
323 744
362 212
50 3015
379 1804
344 2137
75 2733
389 95
298 797
136 1937
114 1853
148 1904
208 278
104 2964
328 2385
245 2630
158 771
253 3330
225 1626
367 1054
88 1234
173 1128
399 2958
389 2958
34 1103
316 445
184 1239
200 3178
238 2135
41 639
102 1780
15 594
32 133
136 1393
263 462
61 1692
49 3068
88 1700
376 297
373 2784
135 2331
401 2903
253 379
224 2664
201 2960
291 2698
290 2739
33 562
