680 3218
937
443 2497
243 3068
532 2493
27 2078
291 1343
452 1434
247 3061
524 809
46 757
37 1099
526 649
383 2382
118 2172
622 2983
363 1772
551 3101
15 1746
570 2222
422 492
170 851
36 2552
342 1707
644 2007
496 191
547 335
284 921
364 757
653 2433
473 2368
654 275
28 1141
265 2005
674 632
403 122
22 3157
499 1053
98 2974
616 1776
289 2594
244 639
660 2920
630 903
477 2803
3 2089
676 3131
567 1449
145 1473
76 2850
217 463
139 1414
109 804
54 1946
658 2730
187 1649
612 589
402 3012
130 780
450 1341
231 3028
394 2821
232 115
620 3191
83 2689
523 750
295 133
60 978
405 2472
43 2250
635 2108
336 3111
44 2173
504 976
561 512
483 2971
359 449
54 2256
607 2201
640 2950
198 222
270 1911
125 361
553 1882
410 393
113 3030
85 1871
515 1588
523 821
491 2449
425 2024
360 2137
389 1878
561 752
279 2833
69 507
675 2281
589 1712
152 3042
6 1056
54 1290
439 1346
494 1429
338 91
152 2325
184 340
312 2445
56 2218
644 53
498 2327
67 2821
160 757
176 2970
515 1396
12 2677
496 566
368 2564
274 3122
389 1229
259 3058
372 535
396 1562
594 2861
25 2249
505 263
501 1082
500 25
64 1125
181 1668
443 1182
576 2956
219 1927
81 1260
582 2778
7 2641
64 3214
444 2070
15 2509
634 961
619 366
289 2536
596 1880
159 1267
629 1509
414 2489
624 874
293 568
376 989
75 113
618 208
340 2784
389 1119
575 1598
113 852
444 1971
677 1933
213 367
11 1134
538 1833
303 1186
263 2612
520 2952
324 3104
537 3191
101 574
486 694
395 2742
230 2921
623 1315
448 14
219 1750
241 1825
58 361
295 1650
660 2483
436 263
133 614
313 1760
547 2854
21 296
148 3030
298 2077
607 2966
51 2630
149 214
293 1745
270 2541
9 1581
166 1873
563 384
496 959
178 1419
50 2602
277 635
285 2386
306 1510
297 169
91 526
260 1265
251 35
321 1557
333 1073
511 1934
224 1555
218 739
276 2041
205 2713
638 463
146 1808
261 371
581 1972
196 1554
135 2737
216 2414
268 472
210 633
513 420
604 1065
121 1999
616 201
253 352
585 552
521 1573
112 2742
476 2970
106 2584
112 2231
137 1351
209 1447
2 1100
503 1425
349 2928
468 2176
467 2045
155 710
130 1453
675 3006
188 2663
298 2086
669 33
565 2280
412 1687
76 1020
460 113
677 206
310 757
18 2042
533 859
183 2075
424 2235
405 1760
231 753
32 2953
498 67
475 1342
563 284
559 1448
468 1689
73 15
582 56
662 1121
195 2034
376 3088
201 1827
71 2380
271 1599
329 2562
593 661
37 2385
604 1285
42 1738
89 3032
411 1466
238 3101
225 1360
97 1694
74 1638
541 296
151 103
202 1272
524 1884
294 241
469 719
385 776
192 2247
195 3104
659 1289
581 609
74 114
236 1880
357 2433
229 2103
269 346
184 1144
548 1998
305 2850
401 2437
533 772
467 1785
299 1746
550 1774
88 3033
33 1916
675 3030
238 2071
586 881
220 1062
36 1468
14 84
251 645
167 2836
243 1632
579 884
232 2043
165 197
608 2352
505 1237
257 1991
584 721
275 1046
415 3139
448 1827
367 3148
274 2541
31 2548
308 872
44 2562
562 3136
388 1547
235 612
283 1099
536 894
528 1444
491 1762
607 658
665 1352
75 3007
607 1104
527 1766
451 602
217 2066
417 2584
523 3055
13 158
21 248
418 329
151 1538
55 948
335 891
633 2482
613 303
419 2328
278 2384
541 2967
286 1001
403 2066
507 2624
48 933
584 263
630 472
620 1755
211 167
383 2462
352 3012
159 920
17 1590
138 3157
652 2376
304 1237
473 2211
32 980
352 69
162 1236
350 1427
407 1108
503 2333
273 2772
603 2692
553 1759
397 1664
44 1569
322 395
80 3112
644 1629
274 152
239 1925
378 896
26 440
629 1042
457 2415
311 311
541 1441
536 3205
653 2126
333 2642
66 2448
483 3071
635 110
227 221
64 2083
396 2848
170 2209
98 1752
226 351
518 515
396 2909
528 2563
61 79
37 1234
340 2266
244 1355
87 950
51 2177
38 3213
260 19
390 2896
91 3036
293 1920
339 3146
56 1337
29 824
450 2940
55 2967
579 430
379 1120
130 1382
647 3023
177 1399
55 1264
523 527
367 214
355 1025
558 2348
38 1454
488 109
121 2107
544 461
116 651
310 724
585 2660
417 589
286 759
244 288
368 1569
120 698
193 2023
208 1876
83 1263
167 2714
42 2708
337 767
144 2006
403 1211
276 724
346 1654
480 1186
280 1368
581 2976
326 2001
35 2376
175 1181
201 506
611 1592
250 2917
532 2448
625 930
349 2439
508 995
322 272
672 1083
356 1193
567 476
554 962
477 2346
110 730
134 2652
101 1429
679 969
302 3081
105 2142
307 984
499 2981
577 2233
493 2895
599 2718
229 2355
644 2835
195 274
58 1750
521 2802
599 50
85 2942
283 1884
459 721
569 1849
462 353
416 50
383 2048
81 3004
610 1413
16 1905
22 325
415 1146
596 3124
509 588
604 744
658 698
605 1251
137 1523
207 1779
279 2589
352 270
294 1936
586 2753
545 297
175 646
512 2805
229 1658
185 560
64 2315
53 1096
16 199
288 882
102 2419
608 1509
601 2777
547 942
390 203
10 1205
644 1879
634 2702
114 176
445 2310
57 1170
423 2537
188 436
12 845
271 1819
293 2494
588 2470
16 1808
104 2876
182 331
622 1555
651 1797
586 2253
491 1930
69 3211
181 695
400 2316
574 566
303 710
580 3107
548 2141
402 2542
41 1002
53 2863
536 3187
253 2589
100 1131
580 876
597 404
342 1488
119 811
546 2640
206 413
409 1020
234 1112
87 876
26 2648
490 257
234 2852
85 1198
119 1158
61 834
458 79
301 1135
399 327
259 2039
240 3099
41 2546
664 2484
675 1285
521 2326
28 2903
57 643
20 1358
126 788
258 208
127 524
149 581
352 1218
676 2915
553 471
33 80
226 712
635 1751
82 1296
377 1331
244 1316
584 1426
111 1515
492 2061
429 2480
309 1651
136 3028
433 1301
491 1887
482 3011
539 2674
287 1434
18 855
423 134
485 798
143 2471
196 2791
522 3210
642 646
633 996
355 2487
113 1067
614 2067
653 679
436 1902
439 2642
90 1156
455 658
487 326
242 881
477 1944
417 1749
4 3126
332 2847
243 2179
287 2688
577 2982
143 2036
603 3074
420 3184
497 798
563 2847
581 3017
200 2978
389 3168
485 264
642 2909
259 2596
636 277
242 2339
672 1219
664 578
13 2186
193 850
92 1480
115 3123
531 2770
379 2880
87 3163
45 957
77 4
120 174
398 1726
538 211
675 1705
304 2098
226 3031
380 763
95 2465
356 111
39 2829
32 1423
491 581
494 2987
181 138
237 2210
588 272
490 2429
489 2006
537 2061
347 1625
55 3144
590 2709
321 686
588 2499
188 1878
277 2961
275 2980
215 3192
361 2034
564 2810
134 2821
11 3138
144 370
396 3098
545 2744
390 291
439 2084
147 1862
282 2810
670 1439
77 1341
328 37
490 2158
117 241
162 2494
526 2007
357 2145
253 724
458 86
180 360
311 2515
12 476
571 2371
526 1457
243 65
453 2149
239 2584
11 2106
226 3053
70 793
148 1856
89 3007
265 1204
317 734
381 1731
199 2827
513 1713
556 2298
248 16
221 1688
613 393
151 890
457 1135
222 1885
69 2838
183 583
666 277
324 391
435 68
406 3041
485 2586
253 296
602 1275
618 243
543 1787
22 2523
103 601
253 2402
631 2265
454 2986
173 194
363 694
131 2287
450 985
41 557
44 2199
531 667
336 372
544 1489
34 453
556 1742
141 715
202 1935
256 3091
553 1614
433 2772
618 3180
198 2088
196 2527
445 3188
96 130
300 3152
194 1573
146 2062
198 2290
296 1116
427 674
361 199
220 427
482 2721
427 2046
52 2327
550 88
359 1977
186 1872
235 1477
540 1215
95 2501
465 2018
580 3031
211 2031
565 391
402 2186
368 417
591 2251
173 1531
622 835
107 2392
256 2644
440 2522
233 1858
43 2134
454 3074
35 2363
605 787
304 731
363 125
337 2033
374 308
674 1454
262 578
258 304
28 1667
248 1466
292 2611
29 2219
286 3180
656 3068
318 1076
197 3104
292 2430
59 1073
345 2978
649 2526
553 1278
300 1147
163 2056
354 1019
70 3033
539 1082
19 2935
259 2206
452 435
601 1672
501 2091
84 1466
104 2553
361 1920
636 493
255 614
68 2162
276 2626
512 3053
143 2811
346 2437
425 1687
172 1545
518 2826
170 153
616 3142
469 1893
447 1449
489 1952
132 2786
267 2593
609 1314
107 81
508 2308
366 99
340 299
82 1777
601 533
308 1851
60 2656
499 2726
235 277
429 505
42 840
584 370
499 1134
494 2511
28 2615
665 1831
214 653
186 416
151 1470
422 1801
322 1067
520 680
204 65
670 1504
130 1544
469 1798
18 170
367 747
563 800
521 1155
267 1070
364 685
400 2396
615 2053
481 1072
239 2883
553 2380
316 954
653 2237
361 1132
466 2484
655 330
17 1573
252 1871
650 2470
302 1107
325 2528
555 216
617 2151
133 1552
500 1935
57 2153
640 1673
484 2764
640 698
659 2094
596 1640
169 608
419 1335
436 629
265 1424
319 2323
56 3209
450 2515
94 2703
77 221
450 162
487 1495
39 2354
609 782
461 2226
129 206
561 381
399 1508
117 2703
369 19
649 3177
517 2523
570 1553
152 1760
442 3042
673 1067
