4569 2069
2417
2198 1304
372 1811
382 2063
2074 596
1677 1845
1714 581
1532 664
2565 1271
1704 352
1286 793
3710 1997
3652 1291
4412 533
3959 1976
4388 920
1084 1604
2477 878
1529 764
1685 978
2747 368
2447 887
4394 1419
2258 1472
1246 820
869 506
733 78
3961 555
2423 556
4318 522
2756 738
643 217
3169 1651
4370 513
503 1078
3523 1365
2877 91
2725 1627
1261 1227
1240 1595
1090 1938
1264 1161
340 1586
2599 888
114 942
3589 126
3214 750
3362 1354
723 1576
597 609
2661 418
1962 680
3400 10
168 702
3202 1656
3552 456
2814 1197
2642 1116
573 65
569 1389
4555 1154
2405 2018
1372 360
1417 1425
4244 355
3382 211
1851 320
4074 1372
2435 1495
1764 1135
2634 542
334 292
3217 528
116 518
1829 1317
3339 913
4298 731
2935 678
254 73
3510 510
1833 1142
1070 146
598 1896
3082 1458
1670 374
642 712
4484 1266
2785 1700
1826 1887
1461 531
4017 625
3682 1428
1355 863
2068 27
1758 1318
4226 1648
4140 1912
3054 1523
905 366
2882 581
590 1102
4114 949
2214 1400
1806 795
3982 1970
1668 449
1768 973
2330 1331
1980 718
2663 1208
2697 1013
2067 960
1077 967
4174 1619
3150 671
767 572
3428 227
886 591
912 242
2779 43
25 497
460 1681
988 169
3122 1045
3505 1576
3384 936
2991 200
1795 1506
2461 1147
3623 10
2093 213
1247 77
567 1622
1374 910
84 77
80 875
1217 113
354 1679
714 323
2523 782
4224 669
1039 356
392 1947
1684 1057
4013 587
3454 1724
2322 1102
4093 1642
1227 1106
2386 592
4441 1368
1946 1719
1843 1960
1892 1495
1170 599
1258 1364
1844 592
1782 1992
3397 2011
2409 2049
2076 1222
170 1162
242 867
1405 852
1531 1463
3670 1521
264 1053
2327 2027
3773 370
3172 1466
1969 643
3130 187
595 1160
2447 1087
200 325
4416 1511
1931 460
2622 1543
1068 939
2374 75
2342 1323
1706 1804
3052 1158
3056 1012
1467 1676
4256 1416
4411 1510
3171 2016
674 1594
3921 174
3601 973
3558 761
2597 392
840 1442
2923 1577
212 1074
1114 1458
2110 1848
2860 848
3738 1481
51 513
608 2045
677 57
2222 672
2614 117
2969 1798
1612 299
3061 795
1678 425
921 1060
2675 1630
2899 1316
1332 1013
1282 481
2850 1943
922 914
554 1368
1464 1569
2441 1624
1344 1002
3930 1920
3225 1945
2388 1560
2466 1492
2155 127
3118 802
153 1005
3295 714
2832 2007
3350 379
4384 225
4410 1593
406 918
2098 1083
3908 1800
4231 110
1472 1684
646 668
1625 1364
1455 1689
3295 1507
589 1065
1674 1024
2264 1654
1251 561
25 116
4410 831
669 1358
2114 1656
3930 794
1738 423
4420 1739
762 407
2664 1685
1749 56
2268 1418
1129 1908
2436 1240
4216 1844
3349 620
2986 1871
4234 1425
2948 383
228 2008
511 1968
2097 61
3264 445
3465 365
1508 168
1487 9
3787 1472
1044 1809
3382 987
3987 1418
3131 712
4281 1905
1953 609
3416 1160
408 339
2248 1060
2056 1021
301 1727
997 778
4443 761
453 373
2027 1537
377 1017
4246 1971
117 1211
2304 1590
577 1282
1266 1886
336 1455
4213 528
1016 62
3002 1288
2787 592
3439 1658
2611 594
172 395
1742 612
171 1491
4248 974
3489 370
839 783
924 158
2149 1476
1490 1995
3101 22
1788 1453
1180 1022
2534 1158
3199 709
3458 1496
2332 478
3162 1672
1930 297
2734 209
2342 420
1476 236
2178 318
2640 862
3101 1833
1824 943
3112 1745
3624 1262
1682 1220
1587 949
3524 300
833 402
2599 1760
2320 1361
4006 1803
3117 1917
2571 342
3638 224
2610 1448
1302 1548
2968 1523
1846 894
2096 1228
2249 982
4060 1812
4230 245
2887 815
372 1230
617 1466
2285 1867
1263 1070
1477 995
3152 468
2853 1994
471 677
2299 309
422 1494
2653 247
2341 1994
4389 484
2508 486
4046 1362
3624 1521
3934 962
394 1910
1176 406
3995 1039
1772 1558
3770 803
3425 568
2253 1851
1358 233
1198 1117
2284 398
3672 222
2626 902
4276 252
4018 513
448 1240
3370 88
340 1498
1397 323
868 1937
542 1974
4337 363
666 1209
4356 723
2391 525
1973 355
3511 411
3538 1223
1258 488
2432 1015
46 294
1429 799
2518 1474
1476 240
433 1419
1939 1181
2333 377
2519 743
2669 1882
1729 825
2249 1554
1554 1914
1507 972
2800 1605
794 817
4090 793
3252 470
1520 120
3465 244
1950 141
3239 1619
2255 636
974 1141
34 1737
3687 972
2852 220
3891 813
134 587
4397 25
196 15
1043 400
297 957
2156 934
716 696
1605 243
4376 1950
4534 1854
2459 1754
1068 122
992 396
2452 290
3980 2038
3073 1250
57 6
2001 1606
1437 1003
2911 1835
3579 1624
1868 1990
1917 268
2028 515
1211 499
124 737
2381 206
3315 504
3787 140
2812 730
1211 1202
3398 2013
4179 348
2667 293
1636 421
2751 1121
3643 1494
2335 1451
4045 970
4470 155
2474 475
863 1675
4464 1671
1410 1569
4283 2047
1027 383
1820 1812
4526 883
1122 1603
1036 1750
1471 247
875 1438
657 2016
253 1046
2228 1149
1423 501
656 483
563 1155
2443 1165
3293 592
1920 363
3221 815
3261 1087
985 788
2808 1077
858 522
2915 33
418 222
3643 1059
358 1932
3966 272
1115 983
1582 1765
842 450
4310 1583
1852 1959
4406 396
1896 116
3314 872
3070 1544
1724 774
1520 154
3004 802
4506 1595
1894 953
1104 1458
2829 1617
3971 832
655 1846
4406 1721
907 1500
194 809
4322 1038
4007 663
919 1858
1948 658
2532 112
150 618
453 842
1016 1843
1504 29
122 1739
4393 794
449 2039
680 1494
953 468
3950 750
2614 1400
3753 1685
4390 816
348 1055
2805 1609
2280 1467
4160 1945
3305 389
2112 1288
2538 168
1465 243
4129 1518
2950 1303
202 1383
3949 312
4532 1936
3298 574
1090 1697
2799 47
590 1577
2923 612
3472 1047
958 968
2151 1152
4030 681
2504 1229
2461 100
3620 1426
1208 304
3370 1293
2173 973
466 1242
1407 2007
672 1250
2474 1645
2803 508
2322 1272
3569 1054
2283 286
3835 841
619 1951
1479 1453
3454 1495
414 1915
2622 335
4224 58
2866 360
2342 472
267 1756
1774 1824
1104 1899
3481 15
3073 1102
1322 1683
3461 858
3432 88
3417 982
541 638
967 1355
2275 1197
4192 1165
2959 865
2882 1881
1009 1804
3712 691
889 82
2724 1298
3730 1863
3028 605
3938 1231
1890 1423
3829 987
3278 168
1157 891
530 1066
1045 429
3007 328
2308 1053
4090 1734
3541 1295
171 1028
3674 851
2939 957
1475 675
3730 1799
4073 387
4518 882
3130 927
3050 1480
1210 1990
2898 696
3466 253
4065 1131
4229 814
4332 241
705 2035
1352 1551
4209 2042
3648 1600
1077 1849
1501 1503
3254 1732
1250 1365
1190 1585
1169 215
3624 1896
1246 156
4283 1106
3991 1797
2048 1147
1959 818
3904 1877
3173 1436
4529 696
2820 1961
3986 168
4056 2040
547 553
2136 971
1529 434
1945 1241
2810 1641
1603 683
1837 130
2482 264
2531 1253
1878 1896
25 979
3864 594
862 1132
486 170
939 890
3049 982
3091 1255
4319 1819
3684 1799
3878 1898
1310 691
2666 2032
2911 1347
501 1979
4395 456
103 1469
2491 1226
3930 1773
4042 282
2998 138
1013 1242
731 1575
1070 255
4024 560
3540 1311
2160 1626
919 1586
2657 1449
1615 2023
4331 896
4303 920
227 1419
3740 1096
2743 636
841 439
741 1948
2778 2022
2147 2037
3672 1311
3420 1953
1347 1802
1308 1941
3511 745
857 228
3635 168
4015 1408
3867 33
360 1912
1161 1082
1712 262
3013 910
2485 648
4269 56
288 1700
4490 577
354 1171
329 605
548 1667
3429 1494
4095 1926
433 1168
628 778
2167 75
2304 1362
1088 1287
1965 1793
2777 215
1472 384
4496 234
1572 2008
1383 401
2830 2012
173 650
4431 337
2308 171
1698 1888
1000 1196
4163 1480
1571 950
3589 147
3705 1014
2533 785
3988 1038
3539 2046
1436 46
1029 593
80 812
1021 1491
2602 55
3655 1330
2633 1705
681 647
4537 958
535 131
1370 144
361 1721
1846 1669
664 1288
1285 2058
4392 222
124 165
3616 1138
1275 1871
1154 634
943 1427
1577 118
3536 1050
2386 1876
1682 673
3679 630
2136 1524
3283 672
3833 280
2189 1063
1342 897
3256 426
3864 1208
672 264
2487 1927
2899 1024
1633 1476
4182 1711
994 1687
1594 664
82 697
2101 1566
1897 1183
4374 1993
3425 229
745 676
772 1544
3065 1746
1140 563
2726 1848
2647 626
2616 808
702 1225
2966 448
1366 634
1286 1675
624 1753
2264 1550
3858 1291
3296 1208
1323 1011
3371 374
4188 710
3301 1609
1684 1077
2880 385
2296 2050
2807 999
2131 1737
1232 1573
2692 1851
2560 387
1142 138
1955 143
348 626
1724 293
853 726
4095 64
2117 834
40 763
2448 596
177 1754
1048 1712
437 349
3470 1002
16 2032
2517 671
1384 1371
517 835
2129 524
195 1799
436 368
2754 1577
2962 1079
2244 1373
713 1734
4302 1864
920 1210
1960 1569
928 1923
2934 1655
2610 609
2923 1527
2266 1531
1621 963
976 1838
1211 1718
1458 103
1507 411
2102 1535
121 1628
2761 1317
1996 280
3259 451
3567 1774
4405 493
477 1723
3317 379
1049 1395
2022 392
3755 1940
598 1745
3085 323
684 1394
1900 877
3359 471
2802 450
2839 1579
300 1880
1482 1706
2662 640
3678 1081
1752 821
727 1348
3707 1096
4538 594
753 715
4381 1748
2050 581
2442 1742
584 545
486 1151
756 1590
59 519
3190 1677
2791 1721
354 1436
3056 1305
1644 2027
2644 953
918 1825
4140 1625
4500 1571
2673 1484
2289 188
2877 755
3709 1116
1319 102
1964 2055
4497 1960
2540 843
860 195
2024 1767
3921 1178
2386 1017
2083 2
4212 1181
814 608
1703 1654
3446 227
2638 435
1298 1049
326 655
3636 600
216 1719
426 79
4177 405
3012 500
2630 934
2689 1403
3838 1528
3080 787
3977 15
3519 120
2166 1742
3045 1032
3058 455
741 340
1831 932
2007 227
1584 237
1683 397
1109 837
4162 475
1634 1059
4371 1233
1489 124
1574 901
3021 614
2321 530
2319 1072
461 1678
2972 1753
916 179
437 1426
889 1723
393 500
1903 1918
937 1723
1030 455
1654 2025
3279 359
3682 1349
2199 646
1413 1738
3413 1542
3011 1127
1203 2012
3292 710
2669 1908
2258 688
2778 1624
1238 563
1932 1929
3377 232
739 19
3690 449
3742 690
4285 527
476 1418
3658 666
1336 844
2968 1601
3472 137
2868 1072
3970 1227
4424 900
267 627
3560 795
585 1711
1783 866
1984 981
3896 1172
2434 1450
3151 1449
360 1669
4253 833
3423 180
2905 275
876 153
3732 1082
4546 352
3281 188
3017 243
1638 1670
1819 1489
952 1658
3654 644
878 445
4277 966
2296 86
3097 1455
1522 244
4543 1307
1365 1339
2826 773
4229 1169
1953 1219
4309 576
1449 2027
3156 1842
1716 200
2647 1137
2743 361
4085 618
3296 1758
1172 515
46 1992
2830 1060
958 360
3616 72
231 1144
1138 1756
743 621
2047 1521
2552 1532
2188 1845
995 266
593 1563
1941 2056
4095 1361
7 471
245 1902
802 1364
2597 983
3707 282
2510 186
4124 1501
1615 1121
4541 569
1874 1135
1507 964
867 6
270 930
608 1111
1743 1609
2388 1987
3593 341
2092 887
1325 2044
2602 953
2499 174
545 962
948 1113
4551 805
3244 1600
4415 2045
3063 1589
1572 296
4285 1942
1678 2067
3863 1133
871 1672
740 1120
2989 527
3843 314
1223 934
2855 1217
1937 2051
3782 971
3837 1082
354 1136
732 1790
2335 1367
1101 1177
2805 85
610 965
499 112
4420 1295
2475 1531
3258 1254
498 906
2014 637
3942 1583
676 1928
3870 1721
3827 2000
682 39
1339 1682
1412 814
2114 1813
1266 238
2710 1091
1000 250
778 479
440 1919
1058 2004
3722 452
981 375
2434 197
103 1666
1651 940
3603 355
2671 1829
1107 255
1813 1078
3268 627
168 1867
1081 368
366 143
4081 1697
505 1053
703 1690
1681 1138
3132 1689
103 942
353 1092
3015 1217
267 13
3471 1965
3736 2035
893 720
281 736
2852 582
2984 889
2807 562
1425 1612
2105 850
744 611
2361 85
3182 521
1499 1066
4226 1374
1452 965
358 387
2619 1062
636 398
3690 227
3964 1182
3001 2044
844 144
22 1334
1776 730
4411 142
724 1383
2375 1258
3880 542
697 1447
2638 1631
1413 581
2119 234
3942 1112
3504 149
577 762
56 1479
466 1376
4165 1792
397 1261
360 1587
1756 590
1267 437
1910 457
247 1376
1700 1785
14 41
1332 1328
468 11
925 2018
2435 52
2139 846
3358 1606
3323 1444
1167 820
3813 1513
2165 1009
4356 220
649 1456
1679 799
3236 1485
4338 1081
1917 140
3574 1063
2756 564
1945 1246
2267 1662
3677 1768
1721 1400
1387 633
1069 857
2436 129
703 1509
452 1852
3914 1664
4448 1984
537 801
836 180
3753 1108
3069 909
3087 1955
3716 731
3321 1077
2987 549
1456 1826
2852 1515
2347 243
1189 2025
1181 1717
1564 503
1849 1183
2474 1182
2074 383
807 9
2843 43
3444 1626
2025 924
854 1985
1113 311
2980 711
72 1192
3839 583
1615 217
254 1324
3071 134
1249 626
4421 1704
13 1838
35 1050
279 131
1175 157
3348 49
4023 1512
3186 598
1370 1587
2856 39
3195 362
2862 788
733 1972
3363 1197
4428 1578
3856 563
1664 1347
3663 1879
1957 1088
4151 824
973 848
56 1150
1244 650
1111 218
49 633
2014 1777
4337 500
54 1584
791 2058
2277 1156
744 614
3686 1209
305 1108
1498 861
2983 209
2716 803
991 1166
2731 654
1691 798
3589 1421
1396 1944
446 1863
2125 1991
1279 992
3974 1839
3328 58
3421 1817
1432 314
1467 1170
254 1668
449 443
3604 91
4280 1415
1940 615
3466 698
2043 1287
108 1141
3218 1574
1234 447
2532 1517
1216 917
562 1394
164 452
236 1836
573 474
2732 1462
2593 1953
2968 1618
269 1203
2549 220
526 657
3144 1708
4230 1211
1775 1801
4567 401
3397 858
3590 1884
4379 1215
4303 558
1574 1967
1530 1784
2773 585
3470 864
104 422
3189 480
1459 1524
3209 1449
2565 2053
3646 1572
4158 122
1718 382
3477 1562
2706 125
3384 1024
2404 1164
534 1327
1968 889
3276 1399
1805 857
517 1153
2344 1323
2546 1655
3094 1596
2953 139
943 2020
2809 647
59 295
3146 1439
3171 191
220 181
359 970
416 1589
1207 1795
2494 827
2806 460
1450 241
903 1951
74 565
1628 1043
109 409
2986 427
389 1573
3318 1778
399 136
1294 1828
1705 1803
1007 416
2659 757
2513 2024
3881 1582
1951 1354
1734 16
2109 631
1552 1938
1849 207
699 1442
889 1822
1642 1894
4568 408
2206 818
3832 251
650 34
1367 1108
3617 958
1402 1245
4084 732
255 1082
726 1930
3333 1048
2570 1396
2094 314
2476 1408
4333 422
3181 953
402 1785
4024 1026
546 273
2595 15
607 1359
1655 633
449 423
3790 1636
1370 1807
3447 1648
4211 922
2772 1705
1077 537
2738 1605
3806 609
3146 1281
2681 599
114 1387
748 149
1568 1451
492 863
1949 1157
2851 1387
3562 1294
480 565
2385 377
1905 1282
328 314
2049 1545
4277 1721
3341 1979
4336 2056
3246 1088
2594 2036
861 1344
2226 1390
1776 1678
4377 1249
1955 1061
3995 387
1387 792
2476 1210
4403 877
3856 1879
2524 467
570 100
1173 1585
2802 405
2761 255
79 1380
2471 31
2464 381
2837 1598
1429 1093
563 241
451 1900
1692 1752
4268 1176
2861 1380
1691 2021
746 1328
4443 967
2964 670
785 246
2176 892
3069 440
1784 1306
3547 101
719 665
3225 1582
4208 490
4111 1447
4312 1626
4224 1803
2094 239
135 1718
3993 1048
3515 2055
4448 795
1530 1817
1000 1312
4236 1942
2275 1631
2801 580
3691 1538
405 1233
1676 794
3299 660
109 210
2601 1274
1392 531
2450 36
950 1525
1241 2028
4207 905
4112 1554
4511 1280
4347 1010
1109 74
2263 916
2813 1623
567 338
1974 808
836 2024
3085 689
2192 365
3981 360
1851 396
1088 729
2481 1314
136 1081
848 1791
504 90
1906 1577
1181 526
2952 904
4375 1312
623 824
4549 1129
1668 1505
1701 1901
2562 1928
4028 377
1776 1556
4506 1016
2700 1662
3106 915
2914 1779
258 1944
1113 2057
3667 1794
3005 1
1640 1700
2470 859
3121 355
659 916
3278 728
4269 1931
3954 883
2224 136
3386 1966
2261 1169
264 2007
3517 1208
2129 1368
587 1115
1992 1692
80 285
1946 1040
1036 884
925 455
975 1869
2081 1155
2787 1589
952 360
2569 973
3863 9
1770 1024
2106 1762
1263 243
1420 111
2138 2033
991 312
1769 1684
537 959
796 178
3184 1417
1651 1454
1150 139
2799 1426
4334 1950
1313 478
2113 1220
2024 113
227 1520
3254 1383
3449 1448
316 326
2677 571
1069 1415
2749 1368
2732 1397
1534 548
2519 1189
3496 1973
243 131
2396 1884
359 1718
1350 498
2908 58
1384 1872
2949 1447
3213 1615
1119 530
3684 764
2537 1856
3949 1430
2832 243
3182 889
1056 1184
374 1029
2049 899
260 341
1737 203
629 146
3923 906
2599 1053
1155 1633
372 486
688 1680
1005 197
3982 1045
943 422
1512 1649
3842 1355
2309 1076
737 923
964 1962
839 1582
4477 1552
1164 1535
2577 1875
2297 638
53 131
3436 1153
1397 69
4143 1162
3746 591
592 1304
2473 1446
1609 1561
2824 2020
2657 1314
664 941
2768 1926
2188 2010
881 328
312 819
1110 116
2103 1551
4126 1615
2114 641
946 1513
1018 680
3293 1121
2729 1824
1887 1592
125 1221
1543 216
3088 22
592 154
2230 351
3196 1644
2661 875
1748 370
2642 815
2581 523
2729 814
728 48
1109 1562
27 1018
3670 1286
130 70
499 1479
1554 1359
4101 1927
3928 1800
3060 476
2436 1908
3730 663
4031 1369
3065 1148
3267 1317
518 155
1545 1245
2145 171
654 1562
953 1301
2350 1135
2047 1985
3630 297
857 1054
1075 1623
3319 1896
427 994
258 1679
350 190
3228 1290
1350 668
1450 704
3010 1170
81 1962
3093 1453
4383 18
3747 1255
2038 974
380 317
2973 187
1349 1626
1434 91
2209 55
4057 1375
4272 101
2911 1646
2520 296
2340 1660
2969 1248
2653 1945
2569 548
1479 895
3763 2012
3769 609
1046 1974
1856 540
3617 1948
1578 1897
3384 1018
792 1640
2060 300
2115 864
1841 317
1172 1108
1539 1835
1794 1118
4438 1312
2487 293
684 881
3160 1351
2171 2061
2278 699
1251 451
862 994
3239 304
4122 1368
830 227
4444 781
199 1673
3015 1389
1296 113
868 881
14 1634
172 686
308 851
547 1260
3105 180
273 1141
2705 679
793 905
2832 505
205 695
1403 1325
946 1393
4245 513
2517 901
2131 1590
2975 429
4205 1142
3150 422
629 734
213 879
3621 1479
1678 1390
598 1129
3565 618
25 1308
4439 143
592 1998
3954 686
3876 573
3256 1111
3510 231
334 1250
2597 718
1118 610
873 1298
3228 669
1772 1953
2122 647
3364 737
272 956
4440 468
11 630
4305 1428
4363 1153
1511 1714
1289 2060
390 553
1720 1076
2369 707
994 318
4312 2029
2056 741
2241 705
3854 460
4002 1133
4110 1033
3781 364
1984 1378
2014 1546
3975 1343
3259 929
283 1077
3222 1543
3584 823
3116 857
246 1423
1392 644
2162 1598
4273 1308
614 1377
3697 1329
3512 436
779 1919
3500 2054
805 92
22 794
3682 890
4319 1227
1576 1271
1892 685
555 1510
1273 2007
1302 1912
2697 1756
595 1903
4095 7
3448 1529
1139 987
3193 1338
3221 586
643 213
867 1866
182 42
2670 262
1279 1664
3866 1070
3782 1694
4468 1822
4538 1867
1364 393
773 725
511 956
4479 1331
324 886
2353 926
51 1327
2149 1965
589 253
2665 1137
1284 1832
3972 1209
1821 1487
359 1880
3695 2029
2676 1495
1349 808
1403 533
2090 735
643 348
4499 880
1784 110
4164 943
3833 1182
4188 1610
4550 93
3973 1133
1985 461
311 1271
256 361
2666 1350
3380 106
8 1967
2792 1282
3179 96
2955 329
2944 1170
1987 1495
2102 1969
4529 1368
4052 691
2616 190
1815 1908
2857 1052
3561 1292
320 979
3585 1230
3950 1682
237 453
2000 700
1317 475
2226 715
1398 901
2513 1096
814 836
3031 1663
1777 1635
324 640
3911 1473
1038 113
4375 542
4355 1864
3429 973
3429 1265
4564 292
2293 193
3327 1857
3602 157
994 1528
107 1531
1842 1520
3385 1401
1707 565
3511 1073
1203 750
3493 1231
2060 1136
2493 272
3108 1482
1848 2003
1078 387
1731 1034
3718 881
1987 1414
427 213
3667 1093
1072 946
4056 1510
4048 473
3456 569
2046 1763
2995 942
3356 1554
2887 1035
189 26
4534 390
318 1077
1575 396
385 1013
769 1943
1624 1083
4241 624
1204 1110
2133 961
3776 675
1814 1961
1854 945
806 860
1121 128
3587 1280
962 1735
274 452
3515 558
2534 1451
4113 320
1360 746
3985 1216
2733 131
452 1361
789 1515
4444 1114
3898 1439
2411 1562
2013 697
94 1308
3342 475
2406 310
1371 115
2338 2005
2217 1471
424 869
1539 301
782 1870
3083 246
74 939
1727 1472
755 1188
4243 753
1431 1169
2366 458
3261 303
775 1755
598 2005
2295 1258
2898 677
3936 1863
5 548
2278 1193
3350 536
1566 1557
525 880
2375 487
688 1786
4182 1059
214 30
1173 330
2307 166
4307 990
812 1295
3005 285
1946 2029
207 654
1490 1420
2578 812
3339 1695
3607 1581
935 1181
4316 963
308 885
1662 1551
1973 1567
2682 864
3554 1630
3324 1664
3984 732
3974 1300
1763 1722
1977 515
3282 131
3693 947
2554 1662
728 132
4456 392
4198 984
4399 163
1151 1063
2405 1210
3997 331
2724 1055
64 1206
2603 1077
2392 1355
3434 544
301 64
2148 662
2039 229
2104 281
770 1154
2469 1479
236 1388
1654 912
3744 1954
2458 1741
799 896
494 1699
3069 208
4096 1936
672 1505
4289 491
2030 145
964 1405
1702 508
1902 1619
1519 1464
286 375
395 1002
4343 346
876 528
3496 2020
3552 1450
3180 722
249 1082
142 2026
4020 1117
248 1720
3948 1850
2529 1843
824 1672
4150 763
3715 226
43 1524
3246 646
366 1715
842 1664
4375 1700
1931 2069
2425 1631
798 419
1687 953
1061 2018
307 1568
1252 319
3117 63
3951 455
3869 242
3853 1401
2802 1869
803 1180
3631 1240
1786 218
3101 1039
483 248
1881 404
4390 294
339 1174
583 1884
3915 258
1576 1962
3401 809
2799 1366
1356 696
2619 1491
383 1771
4080 1912
477 1075
4147 1521
778 1412
967 1999
1967 1902
3706 28
275 826
398 1080
248 1666
1826 1079
747 268
815 578
4048 1271
1575 1497
955 1009
1869 509
4368 1297
527 1589
3942 676
417 1336
3157 181
771 785
3737 1985
3540 1722
3672 1991
902 2044
928 1055
347 400
2655 620
3044 1410
360 657
1898 1155
4503 90
2270 1934
2413 550
31 539
1831 520
2470 1716
2034 859
1386 717
4465 1449
1789 212
3664 1409
3977 1636
1661 770
4415 938
302 1837
3012 1655
3133 1368
2468 665
2022 1547
1066 883
4206 1244
2317 508
3164 1015
2798 782
1514 1106
3383 1361
209 525
1410 1891
3230 768
2833 1155
4484 625
1326 821
725 1236
584 418
1935 317
1337 1436
362 1732
4341 325
4493 1055
292 119
891 1153
2488 1535
812 1246
4512 85
701 1152
3813 398
1121 486
1475 1206
2095 1260
3213 1120
4155 546
1463 207
1404 1186
3456 217
788 784
4401 1500
3678 799
1037 1049
1911 31
1128 978
3258 1685
2864 1946
3659 1593
3356 605
1344 1406
2266 1023
4079 1290
3139 915
2915 1002
476 407
3026 1993
2480 1565
708 519
2159 1692
306 1729
1729 1555
4281 518
2823 516
2276 435
3865 268
3539 1471
1055 1269
2358 959
748 874
2291 1351
3221 179
1839 1663
3637 1795
4373 817
4220 1497
20 360
884 666
4552 116
258 871
4176 390
3134 267
191 641
3271 1571
3305 1922
2004 830
3466 63
3241 2063
2473 617
1865 344
1855 27
3380 1091
2827 1311
2391 637
1556 1904
3188 1576
4415 567
4098 1278
529 1105
2118 831
1438 573
3573 2034
1061 1604
2633 1727
2038 487
341 1899
2705 1030
2274 622
184 962
383 1484
2121 1215
3111 1732
410 370
2417 900
4013 850
3979 365
4027 1788
3020 1659
184 244
883 385
4263 925
1832 425
2404 362
3901 1187
1674 1888
2780 1317
2875 987
3541 172
2333 1434
1694 1720
945 695
3361 497
4287 1442
2462 259
4099 1821
136 1518
2863 163
3868 1499
1138 1681
540 1536
1963 1210
2928 1979
2225 1763
1459 1080
1710 420
218 275
938 1716
3328 946
2836 1431
932 1707
1600 1039
4376 362
3689 1721
1992 1521
2661 419
3783 1405
372 957
2684 983
3798 1983
1107 769
256 1177
938 1361
774 1799
2463 1150
78 1106
3445 1440
118 1926
706 631
3022 637
2649 1809
4560 1030
3685 960
989 1083
3780 1537
1955 1900
856 1416
553 1166
1585 2015
698 1792
3138 1993
674 1061
3974 2032
1882 1546
348 829
3547 477
1503 1373
3150 1930
3432 1626
715 658
2370 418
348 1920
3721 1472
2766 1328
548 4
666 2034
2377 867
1437 907
56 712
971 1393
2013 117
489 482
4476 1848
519 885
534 741
3364 1596
355 465
1976 818
998 1730
2932 281
1072 111
2182 1761
4538 1610
1776 2027
1461 1471
751 1171
535 2015
3329 1831
2454 2
2965 598
4128 63
1715 713
3859 482
2913 479
4568 1931
3783 1770
3448 2064
3459 294
522 1419
2722 818
2989 2038
715 1660
1559 650
1150 1331
1210 1709
4391 282
2733 1007
2132 1387
3433 838
1142 1347
4302 857
3231 838
4330 39
708 2052
1408 929
1843 196
2305 1461
3774 840
2370 39
3435 1294
3090 210
2198 1539
742 1853
632 1665
4052 1253
3392 1664
825 32
4074 900
1492 1432
3644 764
449 202
244 246
1025 233
2506 589
1920 1575
1627 1650
12 675
174 420
3392 112
1044 636
340 496
4152 258
3832 1686
1306 1167
1653 1509
2700 1206
2417 207
475 1236
3194 1743
1862 768
2289 1530
2208 367
1002 298
3704 5
795 1640
1366 489
3507 191
1756 1490
431 834
4219 1140
4407 1842
2105 1546
1330 673
1979 879
3494 887
1976 1880
