1253 1272
1080
96 671
903 336
1072 453
589 633
566 985
773 733
590 781
1147 685
1092 1214
144 816
272 561
116 733
674 1269
259 1174
200 177
819 295
535 835
799 48
1103 97
53 204
458 1163
10 379
590 609
393 194
1124 138
948 1201
679 1265
100 832
370 290
157 94
1168 356
597 1261
539 863
474 62
1101 562
84 970
142 319
1070 172
1149 906
941 368
448 497
149 114
377 37
1249 495
192 234
220 1023
140 635
451 814
34 406
153 1147
436 1219
419 1018
512 998
130 1209
557 697
405 1182
607 220
701 1034
1142 946
146 719
664 442
635 831
180 444
513 865
396 926
648 783
1087 1053
310 361
445 283
880 109
453 250
430 104
373 561
156 723
806 309
479 155
95 211
473 391
357 62
685 719
698 529
488 10
475 45
285 1133
417 321
399 148
1210 1016
30 82
602 1016
856 732
1081 36
697 1063
1242 775
978 723
299 931
117 355
141 1191
1061 437
666 589
263 542
230 190
977 6
1213 67
1048 824
356 1202
916 472
474 1059
846 1082
426 724
566 545
367 1074
46 39
791 868
847 131
882 339
207 117
466 925
1092 228
82 6
178 659
903 457
535 843
618 110
1009 1266
1092 985
1158 423
32 720
441 1265
1188 888
717 104
787 173
1173 1174
842 213
260 805
650 540
798 748
466 696
1178 57
1018 939
19 1126
1182 1017
1176 37
72 66
1161 603
186 192
489 1135
740 348
739 1212
1019 1047
906 1008
643 754
393 1246
1 207
1159 1053
1038 926
906 618
186 614
373 1152
7 894
839 435
341 911
302 1121
178 425
540 453
99 386
607 1011
144 118
909 509
927 610
592 177
1224 945
1237 1179
540 580
724 206
241 1022
675 527
1115 879
115 562
1129 448
190 1050
684 147
897 778
330 168
373 1214
508 457
1191 403
358 864
1220 600
61 770
932 360
50 566
222 56
526 209
1233 726
274 910
840 1119
89 146
151 459
1214 446
329 431
1128 626
579 979
184 356
1246 60
573 1229
259 416
160 1001
1137 1095
697 319
625 1095
113 1093
652 1156
29 1242
1147 397
898 1200
432 326
661 1151
657 107
178 369
94 1122
1024 642
798 50
1137 599
25 985
891 1219
210 165
217 428
654 206
891 423
956 1007
685 929
835 1056
899 165
141 253
436 1060
771 329
266 654
794 866
1227 1077
168 72
101 593
394 1211
645 254
1023 630
220 193
977 1103
397 50
840 541
1140 1152
94 695
331 1211
930 1185
1146 1092
30 788
702 1186
425 925
111 920
523 1135
178 1084
1209 882
243 693
1249 60
576 840
776 189
173 479
775 1061
1090 950
1036 331
780 505
958 819
982 1191
887 1020
146 477
505 850
344 94
616 1196
154 437
956 127
1161 71
1064 1229
943 592
47 954
1034 267
977 1006
31 837
734 1203
463 399
165 324
860 11
110 880
517 947
189 595
52 1088
303 523
380 1028
121 1010
758 1268
372 217
232 133
880 1022
1227 120
1157 704
639 6
293 566
953 9
754 410
132 1046
3 1033
986 698
946 1054
1215 1008
717 998
1069 576
833 640
375 1167
666 936
558 355
1000 192
1026 842
495 384
804 103
313 214
603 1143
31 502
61 741
814 74
337 568
987 56
136 244
626 809
863 1258
1077 619
9 1044
833 913
1192 655
1116 949
1062 203
264 615
857 560
450 1171
917 1182
396 50
647 977
712 1029
1173 24
64 799
801 304
149 83
820 559
1221 394
398 743
947 841
736 162
324 1241
933 422
41 589
508 248
41 649
93 288
970 1173
946 271
726 1168
757 606
550 1033
492 56
73 856
201 1010
219 1269
923 510
1049 725
337 1114
161 950
653 504
958 1160
340 100
244 746
918 861
254 1030
290 1149
980 1085
453 372
1181 1170
1136 1107
371 1114
208 60
135 969
304 937
1111 44
702 909
1221 35
1090 544
1226 1245
461 486
118 277
457 402
647 1222
1131 675
774 512
192 448
417 1138
1206 278
243 1068
81 162
723 486
1111 920
1002 1083
1020 713
1220 309
1146 1242
431 624
1094 808
194 123
268 1008
821 184
156 687
970 317
1149 1195
110 229
503 1237
26 988
58 736
1161 392
1199 210
965 608
323 811
795 304
1135 838
15 597
1157 629
700 1095
1027 463
1237 425
127 368
1009 323
1058 1013
783 573
1067 1183
220 989
180 538
538 929
436 843
937 743
462 575
182 526
303 196
928 1169
1142 653
721 1075
337 1248
259 343
1140 1158
636 677
262 1265
906 496
839 657
330 947
450 377
342 988
1015 458
37 787
453 443
1183 1257
893 823
3 837
586 377
705 1162
911 604
1052 601
851 468
761 848
1181 189
612 39
518 207
977 1018
941 659
617 154
648 245
895 739
417 514
232 1262
388 1096
701 831
442 556
1222 243
1110 483
353 268
356 1267
763 916
772 538
1130 914
183 381
480 157
392 154
468 390
807 1106
44 739
52 479
737 254
627 747
232 331
464 146
565 416
409 703
1100 51
293 1004
898 930
383 710
433 86
448 41
74 123
234 546
932 583
1157 1121
1207 1215
48 281
1195 776
87 1019
449 631
145 856
928 583
526 22
566 738
186 451
701 306
221 80
354 6
548 74
830 709
241 336
28 854
1109 954
311 804
414 551
1253 969
1204 664
1250 1122
748 618
242 1178
473 952
1244 58
71 1071
362 1026
888 314
1072 289
546 874
523 1042
435 713
140 444
550 317
1081 1187
989 767
509 421
726 544
749 920
206 614
673 882
92 691
53 533
1201 646
509 63
1109 192
331 1134
793 406
424 1135
225 680
769 1116
1127 1268
1006 46
293 589
824 42
146 911
370 1114
1015 1185
735 884
1026 838
996 1045
1142 1159
1098 345
701 809
1200 523
208 705
484 70
95 72
1241 1144
718 1001
865 540
755 274
402 303
1006 356
309 691
719 415
136 546
151 971
302 926
596 970
675 1004
1175 1142
73 114
377 710
139 433
595 1032
887 118
873 983
197 684
885 613
493 1053
1152 909
394 812
589 213
1224 1023
702 902
250 762
186 206
644 643
682 832
26 573
545 737
264 1178
1126 940
777 765
1143 341
804 914
758 32
225 203
442 143
1147 1164
501 259
278 1161
732 654
199 155
690 84
489 110
1191 284
790 487
977 1266
1024 619
836 561
371 836
704 501
1144 333
226 1066
1084 691
366 1061
979 707
527 604
1068 840
998 784
965 565
1084 1001
1161 571
990 559
459 894
602 1022
1226 563
238 566
330 823
73 407
130 1210
1210 1264
1052 688
1076 914
210 211
679 1151
501 190
541 964
1097 1136
1024 337
1096 193
974 1144
357 514
820 889
739 325
694 186
741 503
456 647
73 695
401 1141
52 1069
446 971
9 292
42 325
375 944
423 319
487 602
791 287
216 607
452 1192
787 100
289 262
969 456
840 955
327 1092
984 1103
378 641
133 892
617 24
838 174
883 1205
1043 975
144 379
1052 751
245 948
988 175
1220 675
385 56
79 505
778 1105
929 1205
368 996
375 1030
239 192
831 57
8 647
650 1036
53 390
447 104
973 772
477 786
456 660
1030 1079
801 41
952 1077
534 867
172 918
294 919
980 577
392 633
1079 691
622 956
460 187
136 658
7 1135
1232 1123
953 668
785 473
1059 973
987 470
321 806
366 1021
1057 1077
916 336
489 159
454 189
1126 938
140 670
716 119
890 730
651 754
1074 325
1191 534
138 304
1103 1115
815 889
857 1207
81 149
1190 1209
273 488
710 485
70 841
740 377
721 342
691 469
398 782
27 775
707 414
340 945
331 883
175 51
439 971
241 233
794 814
576 1
139 108
1189 137
172 82
836 628
405 583
317 268
270 489
284 606
753 557
492 500
265 711
825 129
176 954
291 1188
971 74
896 1062
393 374
371 9
574 61
41 557
621 595
327 756
904 92
1170 310
776 140
343 443
356 885
154 535
1089 829
1109 1149
540 505
419 525
441 282
1015 796
414 85
916 865
334 756
1050 18
126 372
538 1020
77 363
443 596
885 861
923 1270
712 231
1135 284
1115 1031
603 118
1218 442
1069 469
517 782
1019 978
1221 920
399 525
1228 338
584 310
200 270
1249 556
1079 944
852 548
773 418
554 626
1113 1128
233 321
1186 603
526 241
677 557
29 815
16 642
908 706
918 964
742 692
901 89
1019 698
1200 730
255 181
136 257
112 968
1129 987
712 701
1217 556
843 529
3 630
343 886
230 707
9 1230
44 85
420 4
409 283
521 882
343 43
1203 1238
730 1021
611 1164
157 1084
63 575
1196 694
454 130
558 795
587 213
1085 565
1131 224
21 495
483 642
355 44
1089 531
998 688
102 710
331 1056
791 972
737 540
178 1202
613 1257
719 855
214 1093
1088 215
44 680
833 434
269 1081
703 742
1028 38
1050 1011
830 1038
141 1018
760 296
772 1037
1065 1143
628 412
782 424
642 1186
1129 934
1011 690
1046 583
1149 316
350 159
44 481
147 257
565 1134
541 171
809 436
1223 641
525 1192
660 1211
761 988
262 289
228 909
420 699
108 1120
436 1225
202 575
336 421
245 1182
6 268
929 134
828 268
407 86
341 804
1248 658
812 465
557 206
893 507
87 761
189 318
1074 681
1070 782
817 1180
924 600
1069 616
790 126
418 575
1004 416
544 880
508 243
159 1144
525 840
924 371
115 866
996 81
1172 998
62 398
405 444
444 602
113 690
594 154
528 554
1101 237
726 836
914 242
1171 273
256 1011
185 615
468 960
1010 928
500 555
794 1191
1075 329
676 984
1002 148
1177 606
987 999
561 433
417 173
1032 143
559 929
316 458
292 752
1143 724
1031 230
388 885
1059 511
814 231
132 231
517 850
269 910
129 335
227 767
860 344
58 839
605 1131
1082 509
759 1081
206 414
447 893
221 1250
920 423
648 446
619 613
1087 1001
936 278
796 205
408 247
552 30
215 394
157 305
1177 775
212 1007
673 651
762 990
919 661
1083 19
959 61
829 1002
808 493
486 624
735 1137
218 973
993 560
1194 91
449 1243
316 1254
181 970
651 1188
11 1231
338 900
1249 1222
1057 961
942 1264
360 166
587 733
1210 239
1225 18
117 1000
304 517
332 355
226 881
1108 472
228 1067
211 1133
568 517
1250 819
45 658
642 122
306 939
848 931
417 950
259 307
629 613
387 121
1029 1095
961 1192
426 784
198 789
162 68
1192 88
503 933
421 1183
927 15
307 644
1203 1241
67 104
931 1245
652 690
515 275
763 341
1012 650
349 714
441 33
313 762
27 63
617 1193
509 908
868 1146
986 818
257 165
1229 708
1023 914
1117 1112
1245 908
