1664 4367
1200
399 2846
1027 3504
1478 2648
23 1505
428 2589
17 3321
352 3642
412 3395
1558 3889
1374 2116
1224 2996
1268 2628
110 2299
88 3634
749 1130
863 1901
285 1095
1449 238
438 1048
836 639
776 1875
799 1142
1578 1887
979 2239
201 4131
914 2962
443 2265
621 1533
695 365
465 713
1007 4015
1655 3904
753 3600
75 1734
614 3648
1242 3570
341 4200
309 3232
678 4060
1123 26
109 1998
1560 4130
734 1105
338 3435
907 1946
905 2528
1012 931
377 2401
243 3539
766 1167
220 3851
588 1344
134 2202
1214 3405
1322 1111
1591 154
530 1427
408 2003
1374 857
1635 2572
71 1963
209 193
1641 808
1118 1135
1648 1755
472 2517
1383 568
178 1481
1183 3899
843 2425
1218 4093
648 3818
784 2714
1593 1734
1568 845
282 766
1141 1935
890 75
1597 2262
1070 869
1214 1243
914 1628
1234 2173
293 538
964 2653
1181 3111
1306 1634
496 1211
728 2646
1047 735
479 2763
1528 3536
243 265
158 1933
1520 2472
1512 4259
837 3286
802 1818
1652 4174
951 1251
485 1124
1197 2738
789 2542
211 1284
1613 765
1215 3076
291 2071
1635 1826
53 2545
1539 2284
226 4159
1664 92
1403 3815
1454 3961
1253 1465
1388 3316
158 2919
288 1374
1189 518
1258 3241
95 2917
1124 1301
1510 721
604 4229
1450 2021
1218 3736
299 3599
1096 3257
170 789
457 891
43 2687
638 989
1582 1315
435 1263
939 3613
603 1319
1311 1390
753 2293
1446 1769
1575 2731
868 1730
1027 4332
981 3522
1358 2623
915 2805
272 1298
1278 3853
1212 1418
876 901
168 1656
11 655
658 694
1335 2083
739 4306
1471 801
1515 736
264 463
1281 4049
100 2068
258 1236
717 3459
1497 1433
1229 1113
972 608
37 538
642 1563
525 3652
1139 1838
341 1262
925 2842
1452 793
90 3348
442 535
1130 2066
550 1123
1428 678
216 248
1465 3425
992 2954
967 1626
1115 4261
330 1851
723 2141
1640 405
808 4291
1525 2540
1031 2728
477 3979
1485 351
1373 2809
1362 2199
1544 2864
1351 1195
1411 661
1186 932
1405 677
1327 1568
1526 696
738 1507
1382 2849
187 1001
505 3780
1043 3641
1424 2282
1356 25
766 2337
613 2953
986 375
645 1665
1310 385
725 1471
1606 159
486 3484
748 132
866 671
1433 1336
1557 3030
420 1752
297 4020
567 3125
144 679
806 2906
746 1920
798 1800
722 889
29 3602
557 2592
860 2983
219 1022
1540 1150
713 3707
332 4255
264 1801
682 3690
168 2720
1232 2055
963 364
373 4357
641 3801
1378 1437
1324 3469
1150 658
1468 1306
1586 4213
406 2130
896 1863
276 3567
1420 3167
1078 2079
366 3854
321 511
495 3510
114 988
656 2983
1467 2610
190 508
17 3322
810 3965
280 3974
1237 672
1276 888
1457 2339
156 1863
1660 782
626 3604
329 553
1342 4238
424 262
286 1404
926 3779
1072 2048
1599 3042
1223 2926
280 2760
377 2416
1356 4168
1097 673
389 3259
602 237
688 894
422 315
708 1073
3 3927
48 4066
1402 640
618 364
921 1464
330 3662
1098 481
152 3797
818 2109
1293 4177
195 3295
442 720
142 834
312 733
244 1628
1190 1141
1291 1135
747 1543
301 213
958 1476
1203 3617
1462 4266
831 2369
1630 3352
1102 1018
1305 4174
123 3102
1087 304
1330 3121
1630 3711
1533 1731
510 3098
1437 2531
1403 3397
1252 2975
1063 1845
514 4023
263 1000
1321 2952
136 1797
66 3367
635 2649
679 1120
1208 1916
1513 947
574 687
1311 1824
306 2325
1607 731
1523 3350
768 2794
635 4366
751 658
988 2978
133 1497
466 158
294 3924
352 1133
1049 4123
837 2546
1278 1202
1565 2609
251 3651
251 3309
202 1964
177 4165
1087 806
493 2252
357 2511
708 2474
620 3631
1039 1878
83 4319
286 3366
166 173
951 793
718 2125
210 3598
877 2284
165 377
1286 3008
255 1401
164 4094
36 2637
1337 1020
1311 1206
1392 3775
636 1923
1388 2794
388 2501
818 2992
813 4189
296 1835
1392 2752
92 1736
558 3472
1338 3071
1139 320
1066 1549
865 2883
251 2597
1099 1554
2 1480
426 2406
74 3793
258 1527
1511 2408
1400 256
1301 423
1526 207
398 1438
1227 2543
996 3640
110 301
1054 2753
1238 2168
1352 2152
899 3658
223 3222
1093 1736
658 640
1110 1604
857 1518
621 521
106 4313
823 2827
1280 1376
885 812
632 1753
94 2186
844 84
1049 3069
12 3100
911 2451
1608 2947
1427 2471
74 2012
616 1211
1133 1897
1351 589
686 1186
1318 2457
683 2472
243 253
559 3980
511 2633
1072 3886
7 1600
1473 3506
1483 2409
560 1420
1158 136
968 1729
1218 4052
485 3307
1367 3621
804 4334
1584 3061
923 2539
23 2772
1495 2239
876 1195
371 256
1028 2475
280 765
938 2218
845 2288
989 3541
62 2314
1646 2060
1553 1500
1078 1720
844 738
472 435
1282 70
1416 526
1182 742
22 1665
583 1185
204 2382
1223 4042
40 3717
603 4078
123 1563
373 399
916 3689
175 375
957 3155
1616 192
985 1070
874 4316
116 2232
44 2968
486 2441
4 2200
834 3808
351 478
929 3472
70 138
612 911
65 2719
787 2131
1324 4293
981 2438
900 2781
929 833
830 4314
1482 1353
38 797
1206 299
595 246
347 765
99 3968
902 3269
382 1760
748 1513
724 1755
327 3363
1414 15
1296 2246
1585 4335
147 1687
827 2142
469 3962
137 1887
570 2080
1140 1950
1361 2341
1253 3099
398 1781
704 2692
206 974
1559 587
390 46
758 4067
411 2080
1334 3470
1154 509
784 2622
866 2511
1554 3334
991 2853
896 26
812 654
673 2183
826 3280
8 432
708 782
1180 2076
439 2955
478 3445
5 3876
62 4115
956 654
675 3073
284 211
637 2070
150 1304
825 3649
15 822
1348 3568
1199 3343
953 3042
1584 3416
498 3656
1109 3915
1529 1827
1055 54
448 3004
327 3824
1562 888
284 894
1622 1363
647 3532
366 3299
1230 2927
478 1584
525 3298
745 1309
1353 1130
34 2815
906 3135
47 2342
384 1280
1225 1981
1036 716
991 1311
782 869
860 3770
585 3428
457 1708
502 3398
898 3028
85 3036
1167 330
314 2256
267 3922
1340 596
1572 2117
1627 484
857 156
979 384
617 82
494 3022
1333 3536
1255 1788
592 3528
990 327
1448 3472
1527 1783
852 2137
1105 75
1477 3394
356 2342
1188 1490
803 829
439 859
442 2765
862 2886
1220 2585
1001 511
372 171
1085 2571
1613 417
1055 3943
133 876
1474 2365
1620 3038
465 919
1076 2064
1305 1758
1015 1881
6 3759
842 2179
1116 1639
1269 2793
855 445
26 4235
1381 2596
977 4182
1054 4154
1452 2737
1545 3770
582 1055
533 3328
949 3456
1663 4338
899 42
995 4256
619 2774
54 2509
721 3712
749 3414
630 3138
24 1164
620 3863
843 1717
1605 3228
407 1728
1103 1262
770 1253
189 210
1512 2300
43 680
683 1013
827 1521
329 3632
624 4025
540 3600
243 3185
1639 3803
374 3068
292 3159
338 1870
1601 4034
201 3352
1337 1670
33 3658
994 4297
159 3173
175 337
605 580
170 3331
940 941
910 134
232 451
910 1719
1355 128
465 2708
136 1726
342 3630
224 2676
289 1392
1225 744
221 1332
1493 2086
168 307
799 152
385 3511
98 4144
527 4012
1590 4176
1027 389
1556 3639
1471 293
1318 2424
1044 2288
652 4333
1627 2756
87 1605
572 866
1133 3867
323 1351
169 2271
399 3573
927 212
251 3710
1088 2220
1246 784
725 539
1152 1381
241 531
352 1532
1084 3118
204 3887
1447 3602
1646 1814
1371 564
259 306
523 2392
1038 3382
315 363
1002 275
1243 154
1164 653
1080 3690
143 2268
325 756
1660 2801
1213 1940
1236 4213
920 10
1111 1303
1002 1111
692 781
790 2424
281 1620
1499 192
1062 26
606 2513
397 3507
1554 567
361 4163
1588 760
1401 1876
410 1743
1547 3590
1373 1480
471 3667
174 3393
454 810
1009 898
145 2531
1198 2882
467 3271
97 2533
761 3906
1149 870
670 3368
825 2826
401 1523
153 3200
1512 4044
1137 1905
1317 521
395 4360
1029 1718
938 2524
96 3800
1227 2416
1230 1145
691 2845
858 235
878 3336
1468 420
1599 1134
1274 2108
1190 1956
745 3561
1372 3604
732 2078
611 4321
531 4046
836 2200
668 218
681 4291
1501 595
770 2800
637 3960
1148 3906
1606 3457
513 2270
238 1156
1233 2901
1273 3735
1392 1104
1136 465
483 1206
67 1687
1078 2895
2 2530
356 2285
769 3307
1053 1890
715 2683
1190 3311
367 3283
719 177
186 1521
1237 3099
525 1736
1052 1009
1043 772
48 3520
1626 2667
776 2203
897 192
50 2523
1341 287
1170 4006
1076 3338
847 1941
1199 146
323 1587
1611 3109
623 2798
49 3328
653 557
45 1185
941 3347
660 2557
1136 1306
884 2795
1492 1418
1107 1271
992 3501
15 4269
412 2440
1496 3712
1315 3624
110 1401
846 3696
986 2964
179 3367
1384 4084
1210 3039
600 411
706 922
1051 339
1527 3160
1072 1402
1282 3754
34 3127
554 1588
1301 3991
147 2558
1072 3284
727 2718
1137 809
290 972
948 2132
646 4037
1549 233
1638 668
83 3755
290 2847
96 1417
245 3528
303 1613
86 4257
560 1686
115 2807
858 2877
1627 945
296 3023
1542 3275
754 2359
1244 535
557 411
1603 3494
856 1374
684 4036
738 735
1496 4259
1660 444
600 3428
1645 2109
738 1627
1499 4089
884 2430
1051 3795
1360 1214
399 154
963 3643
1480 3699
989 3059
596 3073
217 2984
1510 4301
1111 309
1438 751
1249 392
660 661
358 834
407 2547
1509 478
616 110
1107 2363
1031 898
223 3048
625 484
528 1400
651 1232
491 1468
149 1871
838 93
401 1558
926 176
1219 2422
1404 4330
1501 2309
1053 3313
593 2785
334 2601
1634 1661
1373 1631
1474 2541
916 2182
30 1656
1283 2774
1567 3955
1428 2321
1620 1455
475 3893
331 2558
22 1556
31 2964
795 1283
207 2038
108 2800
1468 1452
315 1020
1426 3480
1354 56
863 3804
442 1837
638 2351
1061 3392
1181 1280
1406 2207
95 1064
1642 3867
478 4324
721 1897
1036 1939
959 2585
384 2197
1343 4305
1471 2699
1194 1673
798 1339
866 726
1648 2409
1211 3111
1248 2230
983 535
278 3933
460 3436
609 4174
823 393
1124 44
332 4000
771 3796
714 213
279 3227
651 160
1584 3717
489 2921
1252 196
1582 3353
1521 3590
758 3396
716 1073
1349 2852
1039 1948
1194 2306
758 2604
215 3412
743 1131
886 1545
733 1905
166 1753
40 3439
49 1446
740 2255
813 2213
1331 561
610 4335
643 3778
212 1517
849 3990
111 3590
1170 2254
640 4251
1271 517
1625 4082
1066 687
843 1334
268 595
1451 422
233 3215
1112 937
1141 1299
444 3195
976 2621
1070 1993
1045 3715
755 2385
1001 1931
1014 749
1014 789
1510 539
926 1260
1441 2978
119 627
1140 473
574 3464
1 3937
1534 1568
377 4260
524 96
1131 2173
878 1734
787 2518
232 571
1191 3700
705 1140
64 1842
684 645
916 1204
666 212
507 2162
619 3617
1248 3364
1297 2682
1479 1449
636 3351
1476 3551
1625 849
12 1172
922 1141
183 2234
289 669
998 3191
258 3347
54 1589
386 2406
920 1958
922 1947
552 1155
557 3437
996 1742
105 570
541 355
325 2538
1188 3004
399 2984
183 1272
1192 1280
818 1719
1279 2091
1549 256
793 1087
1523 472
1009 4185
380 4068
234 4206
955 366
30 3458
1141 592
1198 1691
1004 2755
621 479
472 1329
507 858
336 3453
754 530
28 3504
1628 2117
21 4143
1525 301
842 2758
1208 1504
1131 774
554 1740
990 4145
309 2285
549 282
55 3148
1547 4314
1203 4239
1165 3835
854 3582
629 3829
1520 543
1527 286
1482 566
122 1920
1393 3993
717 3150
664 502
753 1187
1178 2871
168 2149
162 2109
1229 891
1265 759
869 227
357 3501
83 2443
1432 2749
801 2128
689 1492
25 2827
439 3068
743 3689
284 2568
489 3214
383 4253
1315 674
1398 4234
455 2150
589 1654
1473 1798
213 248
1540 2551
743 2449
466 640
1561 1166
375 853
1050 2039
1335 3843
322 1387
1470 2358
102 4212
1577 2436
171 355
929 1050
1565 1951
492 3992
368 4337
392 3154
1013 842
1466 3527
1141 3557
718 1926
1647 431
1418 824
1408 2315
441 3003
1539 2006
1255 3633
1166 541
774 1369
1348 3298
1182 594
394 383
1195 1912
1433 888
368 2076
67 3977
867 3587
1434 1097
1019 2249
569 2645
1009 1405
406 2645
312 2579
117 1097
1604 899
475 3493
578 1056
1616 1198
1513 2507
1048 3097
350 1879
831 2097
1061 4108
622 3778
265 4091
182 4332
1485 2672
12 1000
631 1437
1633 1814
120 469
103 1323
1447 1092
44 2047
1075 782
662 3972
118 2829
1130 789
110 2054
1135 1763
449 1840
612 2899
1602 834
