956 3630
4709
238 1157
103 2399
397 1167
911 72
292 722
140 1875
848 2540
372 1625
493 456
698 3506
64 3613
24 407
34 387
547 1615
407 2407
674 406
190 47
753 3112
787 1183
843 1277
397 3275
947 3439
694 2037
674 784
164 1483
765 2534
334 2337
899 1739
197 667
39 1476
753 978
949 632
296 1723
582 2553
332 928
794 2061
536 369
142 436
933 2077
168 3101
155 1395
678 741
226 640
870 1814
59 1874
426 2278
789 2319
217 2112
610 385
367 1202
610 2389
948 705
956 2062
319 1128
855 2357
535 2208
84 2316
73 987
536 1648
256 1201
30 2897
896 1098
421 364
612 722
312 3612
605 709
743 3293
851 498
815 338
600 2855
938 1800
104 1862
321 2776
813 2102
475 1243
602 1965
956 3000
597 3203
943 2591
699 2149
354 2714
329 1970
184 3200
424 2882
116 3289
372 1817
426 3122
603 2293
585 1326
425 1498
193 746
24 3140
533 3464
502 3471
481 3213
368 302
147 3087
418 3371
465 3204
548 3350
600 953
796 2742
672 1067
209 2808
731 3139
208 1326
544 3477
181 1507
680 858
497 2269
179 988
772 2759
215 1529
918 3474
385 1275
728 2412
911 827
488 840
944 1363
385 825
717 2873
470 3191
465 292
377 2707
341 1345
197 161
405 1522
208 2392
498 464
399 3166
66 2908
931 2797
812 3504
561 3265
891 2247
518 1472
395 750
159 1956
648 2656
876 359
373 3275
640 2764
678 128
358 2956
916 3340
373 955
597 133
680 3167
216 2073
78 3468
259 1688
186 2149
564 463
194 2887
258 426
350 2740
335 2728
936 481
568 2797
540 3208
587 39
424 637
894 1342
305 702
842 1821
99 1335
405 376
510 1532
530 162
657 2974
749 3453
431 3580
70 2560
168 3312
938 1957
294 1330
341 2940
909 1408
259 3069
37 705
163 2988
896 1881
648 3609
93 1927
15 2999
626 3535
433 1439
75 2163
873 2140
786 2687
413 1934
842 3187
47 147
183 1012
76 2106
113 2875
475 2221
572 1449
408 765
851 663
2 1533
747 2975
238 492
300 2760
605 1804
10 3102
184 497
625 2205
769 2139
329 2044
610 284
689 3172
955 3351
323 249
674 1115
674 425
544 2312
18 3434
763 3320
877 954
576 1804
517 1439
673 1559
323 1580
649 2544
59 1533
829 1548
422 823
823 2001
931 637
329 3256
740 1080
602 3458
489 2631
390 270
787 385
547 3421
639 3458
791 1889
935 2166
252 981
197 2864
232 1032
404 92
745 1105
432 676
896 1547
864 3244
211 2623
918 1085
751 2502
370 800
413 2356
448 3519
371 2645
218 1278
644 2815
758 1392
918 1571
705 1591
251 1226
869 1584
757 1434
701 1167
320 3385
855 1264
683 152
697 2723
761 1818
523 1112
885 2432
661 2982
735 184
81 3490
502 752
95 1912
913 1787
86 1913
209 1485
166 2636
944 145
918 3513
85 3121
919 339
603 2339
398 3349
611 3068
301 450
599 1265
797 814
591 2991
665 3548
418 1624
726 1590
221 1001
739 2744
639 792
104 314
603 966
510 1281
587 3064
426 2094
847 751
483 1696
855 1014
336 1873
778 2389
643 2113
876 2737
640 1140
449 2561
675 2601
359 957
614 3307
536 1492
826 2520
498 1307
330 1833
916 358
354 1690
673 2625
946 2085
348 405
863 3358
824 2178
190 1197
178 618
909 3328
23 1018
507 2840
613 1198
810 2636
172 1610
330 1298
600 357
391 245
84 1729
610 2
409 2624
704 165
103 1573
331 3112
246 2883
253 3550
706 3292
384 3630
28 640
145 1898
740 749
263 3170
868 629
376 976
439 2248
492 2222
548 3140
130 1567
667 2388
834 1307
258 1377
80 2713
410 1082
210 3581
235 1700
432 1901
472 2359
782 92
351 30
750 2046
807 1850
552 2037
583 218
808 2040
320 1678
444 1924
614 834
668 2498
823 3008
140 3536
894 2361
536 1282
597 1173
733 1673
91 1326
17 1944
791 999
553 2528
394 1130
568 3331
747 995
550 2774
126 85
59 366
304 1566
563 1802
88 3520
332 1424
238 222
357 2893
237 78
203 1263
356 1433
597 3397
538 3151
817 2223
156 1350
156 908
713 2571
828 1740
442 2574
215 1104
342 1043
428 1969
292 558
518 3335
598 2275
837 1998
614 1655
875 2481
677 2845
417 2555
181 234
284 3392
708 2230
318 3457
831 1982
665 2453
770 18
333 2835
946 469
134 1711
692 2202
251 1362
920 536
283 3522
301 2079
248 989
164 3617
109 679
388 2420
786 3572
875 2207
785 591
77 2804
783 1373
508 970
196 2544
174 740
829 62
547 2514
57 690
115 185
357 1340
134 1346
351 59
890 428
244 938
756 934
456 1251
157 1203
754 2211
739 2323
185 30
671 2369
322 2560
417 3257
103 673
204 762
206 3357
223 763
414 1326
445 2726
176 2919
711 504
332 2871
675 534
323 2580
803 3306
892 673
406 599
749 310
689 3230
73 3493
927 2532
328 376
320 2636
13 81
41 407
379 2823
210 3204
696 1478
871 920
413 471
571 1721
85 2376
812 678
85 1418
784 2223
484 3032
8 764
74 25
411 894
682 3433
892 3533
941 3435
736 2533
750 677
115 2155
149 2380
260 2128
78 569
7 3295
399 2703
522 2116
53 3169
735 792
257 2956
534 3253
470 810
499 569
726 148
116 3346
748 2545
232 3117
252 663
262 256
893 1505
468 904
636 119
19 2118
200 1344
894 2989
916 1036
165 2450
708 1362
769 2212
418 1365
653 228
357 280
367 2595
882 2331
296 2999
662 2744
128 1797
127 503
37 849
893 1800
608 1946
182 419
658 944
562 3075
221 1776
726 2744
418 2483
946 2075
27 2803
650 2955
882 2061
352 2772
269 1151
327 2147
337 857
548 2574
482 1908
163 1656
71 2150
539 2443
130 874
44 2640
521 1949
759 393
816 3248
719 3559
618 12
97 1492
36 1201
89 448
85 269
446 2050
441 2613
316 1752
395 2089
60 1232
717 249
896 2702
765 1018
948 915
255 2118
24 3347
891 3423
834 2453
715 1115
481 1545
47 925
44 837
40 579
151 2533
125 2097
684 650
335 2884
115 819
722 2898
711 32
804 159
553 1806
309 2113
622 2789
490 3581
259 1169
416 3128
940 2220
210 2502
365 2604
555 997
544 1104
890 170
846 1210
307 137
750 3244
327 2398
574 422
518 1073
606 666
45 2785
601 1246
276 1735
144 1186
645 2866
107 3330
684 1275
551 1738
855 773
406 1482
242 97
295 1870
944 1744
326 1026
112 498
922 3124
553 3008
537 3048
645 1715
43 1675
299 3041
788 882
307 2257
228 2967
938 1158
872 1222
327 1198
409 1093
509 1069
731 3389
302 1886
552 733
463 506
567 2172
425 3428
593 2053
600 1389
67 3175
179 1234
772 1984
537 2555
674 2917
928 532
552 987
757 109
896 3082
227 3170
153 3212
8 2000
454 498
897 1264
430 1793
484 732
562 1271
495 1628
674 2512
572 2857
779 2589
497 1798
439 3062
942 2269
836 1575
482 3302
841 1020
806 1053
879 3358
373 228
689 1607
227 3209
152 2865
576 3293
230 1446
384 2623
553 3129
235 2479
91 1406
283 993
200 1286
867 369
533 525
367 2490
331 157
616 3173
632 2275
404 3116
676 427
103 3474
675 983
431 3251
142 2106
728 1379
640 1187
316 2900
497 3373
127 2005
118 617
722 698
927 3246
725 1656
740 769
822 1812
84 2448
500 2057
601 1339
262 899
698 789
901 876
250 1824
643 3471
614 2592
171 3355
395 3021
3 597
103 2032
302 274
24 2383
123 1106
289 2073
120 3080
505 708
645 1646
583 162
564 703
543 3494
793 1670
444 1440
421 1982
930 1415
43 1762
870 1917
141 1760
67 794
111 1325
707 169
823 997
65 2286
792 2925
377 2728
621 2442
656 2490
193 3598
863 1514
873 1799
156 3249
655 1469
40 2331
925 709
25 3327
56 2509
504 3217
451 1624
832 909
112 2209
190 3200
204 1425
274 368
683 325
73 2924
159 1289
309 218
161 1973
336 185
501 2043
938 2939
653 238
822 286
731 2035
907 1194
902 3479
114 2951
389 2431
708 485
21 553
802 1031
783 1359
700 85
403 3166
620 2979
395 1174
87 2464
743 581
469 1486
469 3477
949 1967
816 190
713 3046
583 2845
955 577
380 2992
31 508
188 3209
911 1340
589 124
256 138
141 2582
140 102
544 1351
247 3478
465 2385
293 588
429 2166
265 223
556 1304
221 2119
614 232
785 2117
246 1153
927 2791
527 3249
634 558
370 1001
140 1126
739 2489
211 3094
202 1861
845 1145
506 3567
40 995
274 2507
927 1507
287 3163
188 3199
699 445
887 1454
604 1460
772 3566
137 2456
353 1306
67 1578
921 2145
753 1084
156 884
935 1958
182 1316
399 2357
649 2585
508 1070
33 2089
58 838
852 2904
940 1807
184 3084
56 110
288 3432
309 34
334 1785
525 2873
563 2028
726 2318
836 3031
348 2739
513 72
748 1674
851 1415
565 3569
199 2946
563 629
150 1301
787 363
946 191
196 1538
860 3429
746 1898
469 1145
434 605
599 1436
824 267
813 631
205 3378
945 3104
113 3002
615 1868
183 2875
40 1321
242 3085
650 1936
241 1031
711 384
339 1381
216 1575
123 3127
260 541
101 1729
406 648
69 716
736 2178
954 3250
180 272
675 417
43 2938
547 512
953 2576
515 1674
475 126
933 147
816 1968
98 3554
553 799
463 1337
98 2664
236 1121
391 2679
897 3431
115 654
504 1304
242 205
120 2971
696 119
900 1320
708 2644
378 2492
859 3471
396 2957
872 876
68 2856
826 345
538 1540
616 2795
692 595
6 570
387 180
178 2366
906 2654
418 3458
811 3516
805 2974
681 2757
235 1004
876 2223
35 3029
771 3505
541 3448
256 891
156 2333
906 3630
116 3203
752 2545
215 523
275 1700
298 3382
174 1949
308 2389
613 1680
893 985
648 997
297 3307
721 2860
10 3341
260 1788
769 30
676 1270
924 1852
935 1890
192 2203
502 168
395 1914
194 1704
50 2742
784 2584
324 1602
530 434
322 1258
900 741
331 1022
889 2307
257 3096
556 616
188 976
379 443
211 2893
689 594
747 306
631 2863
285 1313
393 2227
424 2294
621 64
700 2223
97 3615
17 736
134 1698
844 2662
920 18
601 1251
576 2553
765 3171
763 2952
59 2204
65 1942
106 221
553 1211
176 54
36 1165
28 827
412 1753
147 113
170 403
219 1950
472 2249
288 3116
393 3320
771 2028
599 324
175 3185
906 2344
748 1089
427 1861
435 1613
187 2985
712 2021
712 987
440 1240
735 2597
582 2739
241 1899
721 452
655 253
904 2649
530 1567
277 1787
708 1972
182 1414
605 2157
200 3060
640 3361
948 1299
944 707
300 3523
405 483
654 2275
472 2480
259 1910
331 2525
582 3237
172 1593
163 3288
858 1717
603 2244
194 3587
350 2032
731 2056
770 201
384 408
120 1381
940 1580
421 1706
266 602
536 285
333 3210
576 3304
257 528
699 1277
575 3496
635 24
559 2609
219 391
816 3268
681 2350
70 1841
574 2146
256 2552
555 3022
83 595
250 741
263 2177
707 809
873 1061
632 34
193 3524
953 2742
16 485
745 3630
737 2847
734 574
407 3617
206 2502
929 910
900 127
744 1986
35 1032
357 561
604 514
677 3500
466 2697
744 773
622 3247
68 3013
69 3609
134 3548
87 3509
32 2313
717 1646
696 1376
481 1611
822 459
311 2568
635 3550
171 3285
436 1955
639 1155
137 1958
896 1780
160 3552
861 460
362 873
370 2426
386 1084
942 2570
762 2907
868 3127
474 1377
408 2491
72 1757
835 1851
527 31
912 2459
134 2426
580 3132
822 2919
343 3358
502 3608
384 3338
876 1172
720 430
215 1265
452 2874
823 3251
203 3566
471 3295
388 161
533 3081
272 1040
91 467
647 3366
459 523
872 430
939 1711
855 3527
918 1806
313 233
818 1116
141 993
395 610
640 1780
852 1414
298 1019
495 3235
284 3001
140 2467
547 115
854 1977
327 3214
175 1740
511 1824
103 2013
341 3108
432 2113
655 46
421 1375
839 2029
743 844
582 1879
139 2235
97 363
596 1603
74 2739
658 1453
382 1813
426 3542
841 578
692 706
806 341
374 522
300 1722
309 2649
576 824
598 355
251 2872
614 360
534 2825
592 3127
654 599
175 1628
247 3079
884 42
415 3521
900 669
298 1819
793 3412
530 1975
637 1703
158 3601
57 1942
416 2845
70 2150
553 2270
666 3227
299 545
666 2167
939 6
20 1213
539 1969
919 1631
637 2669
172 2303
371 2575
54 506
422 1708
832 902
424 1123
112 173
105 3357
483 2903
885 445
839 3321
71 1543
612 1957
632 2443
407 1317
873 2988
759 350
452 2087
925 857
944 1335
341 2713
437 2108
88 1517
558 2289
208 3024
396 1246
297 3388
545 1063
392 1481
339 963
375 1637
803 3529
504 2990
446 2236
917 2086
17 2967
830 3079
424 3362
64 1710
904 3490
24 1077
730 1586
877 1557
650 3092
111 787
586 3021
113 993
117 1033
872 1159
814 370
94 973
462 3175
915 2404
867 707
502 3200
261 492
389 192
51 191
383 2721
675 1589
559 2510
552 1756
519 2283
73 1090
98 2393
475 2778
509 3114
377 1978
657 1709
233 1618
582 1143
872 308
401 1305
660 1138
478 2627
331 1223
491 59
536 1560
212 2771
443 1816
351 1320
363 527
702 2736
652 2971
876 2435
444 1177
849 1191
484 2344
556 2779
598 126
724 383
184 2991
360 2051
517 1901
593 2186
311 1697
790 2708
696 1831
804 959
648 626
867 3260
454 833
675 2559
203 2284
347 1227
866 2736
264 220
10 2410
532 2027
155 1595
866 267
313 2066
593 3205
297 1919
358 2292
640 1583
444 953
104 2598
226 2665
525 1004
688 2988
28 2366
642 875
47 1154
330 2879
755 2820
474 3180
452 2323
410 1777
463 1653
164 2307
868 1567
937 2056
114 177
132 3155
503 1
949 3414
561 1274
426 1658
479 237
563 1476
128 374
540 3436
780 2542
803 1572
218 1608
853 526
732 285
256 3161
127 2736
797 1050
541 1735
545 2335
799 1065
514 3277
366 2315
726 353
713 2356
400 79
819 453
677 1727
749 141
504 2023
619 3028
514 301
597 3605
79 3471
616 643
952 328
728 1423
635 2638
44 3174
940 2239
559 2634
786 1700
483 2317
585 2919
599 2873
358 1676
924 3557
156 2840
863 818
270 2362
388 3480
937 605
591 119
251 470
756 2927
708 3480
88 1121
436 811
592 2337
920 1651
507 2778
420 192
298 1777
175 2748
396 3589
453 2673
273 3360
252 142
721 1710
102 3143
395 2638
894 433
312 3523
42 3006
340 2614
608 2334
376 3132
394 2076
679 87
691 368
506 1745
682 256
922 1883
950 152
129 117
673 536
467 404
736 444
502 1829
126 3625
888 3491
96 1629
793 3420
786 3537
16 2562
781 3007
406 1164
833 883
485 806
821 2494
590 225
65 1263
900 2958
80 1347
434 2888
842 881
476 3544
918 2651
607 3397
423 118
12 1731
609 2457
577 1330
237 3377
28 2563
842 1678
935 1017
209 3504
875 1770
44 3256
147 101
116 300
495 886
887 1728
450 1583
78 1741
333 2073
386 1330
753 1027
731 3064
586 74
229 3503
918 1694
253 1261
622 3125
408 506
514 839
657 1434
492 613
691 1578
520 1566
912 2009
812 2120
879 2118
347 2002
484 165
478 2743
895 3010
88 3479
270 2075
273 3622
41 1968
389 3218
480 2892
934 1023
7 1968
541 1702
304 2613
371 255
26 3156
258 325
495 2024
328 95
491 3044
932 408
690 2678
125 626
345 1643
254 1722
866 3311
852 2290
76 1745
28 110
925 2317
756 2836
608 1058
749 3618
326 3342
348 2990
80 3448
886 522
322 19
670 2430
382 1606
582 549
834 3359
203 3195
129 3025
853 2356
305 2988
795 1493
352 2785
148 2702
216 3088
865 941
517 3472
851 203
340 2251
712 906
694 1352
13 2097
845 1802
766 2475
379 538
633 3318
304 3600
299 404
533 3212
878 2054
70 1871
160 67
953 959
457 2091
196 1430
627 3302
140 932
592 554
826 905
33 621
598 1763
448 1832
393 1687
853 41
87 888
180 267
303 3137
149 2262
428 712
623 1122
818 2376
217 1488
873 2750
113 1418
295 2946
343 907
668 1950
718 997
833 2073
353 2106
495 193
922 2128
24 3433
745 1930
146 1919
266 159
540 1532
78 2977
374 3336
465 832
163 3479
25 2085
382 967
632 2754
801 3221
912 1552
381 2241
510 2053
122 1349
886 2293
956 2900
749 364
293 2452
497 539
603 1529
713 1832
905 2227
304 1691
861 2167
201 3344
667 2841
845 961
807 1076
208 932
199 2411
377 1598
510 894
366 1035
762 3119
269 1314
934 1501
219 274
469 3455
381 306
784 2416
801 3023
499 2431
132 2795
756 2112
688 3105
517 2085
171 3377
275 2824
846 1390
704 2027
705 442
100 446
586 2544
864 3368
590 1722
491 1677
745 341
22 3049
367 2612
872 1152
335 779
98 2146
635 792
182 1241
55 2073
557 3106
332 3502
696 901
209 3433
952 3164
727 512
515 33
225 306
281 1093
880 3234
528 1203
785 1924
12 105
648 1989
127 786
16 1759
456 289
163 2394
486 371
540 1730
748 295
90 1440
477 871
313 1031
429 1000
326 3133
248 2283
531 2408
470 1820
846 3201
498 2970
295 879
372 741
57 1478
373 1710
125 967
906 3522
254 927
759 26
79 1412
916 777
423 1580
867 1414
926 98
905 1219
634 882
28 1123
33 2314
177 50
382 1917
788 252
442 1091
50 474
715 1748
399 798
406 699
308 929
543 205
777 3024
806 1430
837 1120
848 1606
263 1598
160 2616
137 2749
2 3087
263 1379
815 2408
933 1987
128 149
146 2639
121 2266
451 1790
427 2575
767 2526
891 272
577 2793
800 1733
508 319
525 2046
606 2662
177 2782
797 1835
663 1985
720 3568
529 247
205 150
252 372
91 2660
202 2152
861 2769
361 1616
529 2929
135 1323
95 1105
610 2602
504 3616
697 2555
908 1960
163 821
837 2427
956 3276
361 2257
914 46
281 1582
937 1410
70 383
792 3609
230 2114
715 1329
335 331
811 1179
27 3363
394 2277
217 1330
214 664
369 2147
272 219
195 2740
922 1897
539 3512
162 1472
371 826
512 2855
95 1024
32 1472
180 1057
689 3019
50 3216
370 2186
851 1176
504 2286
731 427
115 2960
567 2247
881 1549
518 585
858 2130
412 2091
790 86
709 1400
852 606
600 870
570 2430
902 2995
494 471
782 835
235 1940
89 1486
759 1161
309 2725
507 1895
98 3615
891 1699
466 808
170 1983
282 1730
254 839
103 2450
225 911
180 2665
608 869
903 576
353 813
28 1289
256 2352
876 2735
128 2507
905 1257
250 1709
472 2823
854 2637
275 507
827 1912
497 797
613 2542
139 1361
261 3335
636 3555
651 2678
109 1866
328 3551
179 2990
348 1233
862 162
275 801
912 1270
119 3503
126 733
197 3020
375 2085
176 2991
651 1169
463 2610
604 1270
677 562
621 548
98 557
541 701
687 3138
149 3135
112 2848
90 2192
446 3451
592 903
195 1391
855 748
656 1368
800 1295
810 380
230 975
360 3049
748 2978
756 3570
927 2350
480 831
353 2575
189 2024
777 1654
633 1150
140 158
917 1943
333 3072
290 1799
174 764
640 1391
388 869
788 2464
812 2190
848 1802
272 2818
874 900
785 3334
349 3486
908 312
565 757
2 2364
944 229
191 3035
465 606
892 2827
226 1204
781 1079
386 666
803 2185
185 2931
692 2526
380 3413
101 190
17 543
536 3081
121 794
774 2333
52 704
846 1263
264 1446
135 3264
492 2922
292 2319
748 3311
699 536
242 852
319 2928
541 1171
821 1561
521 3015
337 1467
850 782
353 1302
407 1918
859 1301
11 2227
574 3219
687 2742
178 644
731 604
266 451
88 649
775 2478
277 2140
761 1046
135 2452
803 3587
49 1824
914 2338
698 2663
416 1336
167 64
923 2447
833 3547
933 339
737 349
109 3215
596 1440
504 2839
461 1135
11 1449
136 384
824 2901
106 3
31 3448
29 46
26 1302
199 1891
567 2659
794 3188
478 1073
660 331
155 3550
264 361
119 3263
859 2435
90 898
351 599
145 2508
928 302
159 2060
150 1721
457 3332
284 1261
102 2399
123 556
638 1245
775 407
40 29
104 530
293 404
724 2792
29 2961
815 1164
729 1034
331 2664
71 1431
889 40
224 2316
713 1279
313 330
694 2783
481 3256
767 3622
745 206
178 221
316 215
568 1261
395 866
749 326
588 993
53 3303
728 3305
209 1728
434 767
246 1578
596 2537
535 1896
884 3436
708 2776
279 1430
396 2147
370 2292
278 1911
645 3595
487 2457
516 3186
624 1180
310 3128
257 2767
591 3460
296 998
228 2989
769 3553
41 2129
8 749
472 1126
701 3485
425 3125
944 1422
629 2234
552 728
884 2576
778 719
687 1542
330 907
264 534
14 2783
43 163
659 916
150 2182
541 542
517 1823
803 114
9 357
592 1842
258 563
525 3436
831 1776
915 3037
727 1767
90 3314
581 22
563 1620
922 3574
365 2425
57 3139
291 3146
408 2409
203 2797
907 3500
942 1112
944 1028
677 2500
918 2315
699 2315
849 973
144 342
210 1682
868 118
595 2378
354 3152
510 1384
208 1173
637 3508
779 1787
693 753
54 1752
845 3028
469 2357
674 2767
179 87
906 2690
422 1255
726 3503
904 927
228 2129
228 2667
276 2837
612 758
366 3320
850 3091
730 3481
128 2792
332 355
741 1885
467 2855
404 1916
722 2248
93 1161
858 411
515 2491
171 343
227 1913
926 3435
256 1107
704 654
371 1261
723 679
297 257
445 1524
911 1732
127 351
709 2752
750 1324
533 1721
640 3211
294 2359
654 2803
443 3608
801 2081
8 1799
617 342
599 1769
325 2661
937 507
76 2143
382 1069
744 102
955 767
947 3006
99 2909
152 3132
106 2051
50 225
777 2224
527 3364
53 2089
331 2261
578 2583
507 989
654 2831
731 707
438 1263
550 327
551 3328
916 3237
924 1937
18 1536
632 1218
103 3131
257 1936
321 1782
38 298
354 983
221 633
931 1900
861 683
934 3352
341 3142
261 2601
162 1508
632 2525
663 2696
552 1329
890 623
216 2792
857 100
231 1117
20 2951
416 1287
945 3396
946 1554
45 3556
22 2478
332 970
628 3424
498 159
138 2679
346 1613
495 1790
911 1757
18 794
737 60
678 2856
797 3084
898 3224
271 1413
593 658
15 1467
87 1748
872 1047
670 1319
291 2264
70 626
691 63
356 1759
628 3527
786 1291
291 1506
436 787
632 1699
196 1489
465 1607
816 869
198 2420
925 859
78 1157
201 3300
943 604
530 2131
333 3078
706 3556
721 670
550 3339
527 3293
649 136
419 2799
350 1401
336 2755
75 322
660 2676
201 2448
67 2336
535 1908
527 3159
846 2618
460 955
600 1452
305 2439
78 3335
279 2254
322 816
415 1422
679 1661
303 2119
136 1929
414 2828
878 2050
789 3040
480 1066
521 1206
202 652
900 2824
891 2699
297 3029
460 3476
344 1413
603 2367
424 682
86 1251
101 358
77 1015
855 2424
785 1950
106 900
756 2162
683 234
160 493
674 1346
712 1508
259 3039
564 3149
61 3120
781 833
591 1671
733 183
189 2348
503 1288
459 260
442 2465
897 1831
153 1934
524 984
920 16
883 757
735 1106
904 235
674 3396
298 290
222 2018
578 834
390 557
60 1605
581 1519
808 904
226 328
147 1666
526 3486
744 809
773 2152
28 988
472 2129
212 1489
59 1272
548 1053
66 1747
539 118
58 2085
66 692
583 1995
89 3391
44 1413
840 2994
633 2167
784 1904
714 2264
882 2942
849 2625
278 751
11 1098
69 714
595 3398
208 671
425 1889
73 3622
54 3205
648 1911
743 3032
296 635
419 1188
855 1801
792 2231
81 1245
784 1748
404 3470
496 87
579 878
640 122
545 565
322 3170
721 1477
452 1301
231 1833
160 2930
206 2727
385 1115
446 3215
396 932
810 2712
300 819
533 94
789 2610
475 2098
381 3427
944 2601
864 3532
824 1026
691 1699
895 1996
557 2598
134 1100
400 3119
570 389
267 1913
286 131
164 1500
729 1156
198 875
267 1205
874 1490
725 1260
182 2449
941 2552
518 2253
645 2855
305 69
928 1794
824 1785
856 263
948 2322
180 1352
226 95
954 381
602 3592
583 1926
778 1438
527 1061
321 1638
394 2803
551 1035
793 3470
472 33
303 3363
210 153
126 1054
410 1385
7 673
357 3513
371 1581
823 681
72 2055
251 2366
800 663
109 1072
613 3423
905 1686
92 343
938 3070
99 2986
327 2641
583 2018
826 1348
220 1184
614 2093
371 3595
398 2031
514 82
659 3544
739 155
198 2124
297 867
233 1901
645 3151
28 3575
264 2384
693 1646
626 1815
435 3093
547 2228
214 3247
233 1838
406 2259
14 576
352 728
382 2436
486 1358
158 1352
454 542
77 2477
781 2085
100 2248
683 2706
533 1822
230 2031
540 2130
804 766
660 717
506 106
595 1049
201 409
81 3330
793 1189
84 549
39 657
142 2259
769 5
152 1826
70 848
113 2414
442 1510
858 818
701 652
176 2320
109 1876
946 126
266 2631
583 3321
771 916
530 2225
878 2941
771 2899
908 1904
929 1329
898 3303
489 2772
420 3227
932 1745
596 305
632 415
652 345
833 139
55 637
767 2319
609 2946
271 1077
498 876
281 2884
610 1254
640 3587
295 507
27 1410
417 664
776 1525
226 842
29 1245
660 2536
579 903
402 1659
788 1088
900 552
322 3448
375 1852
437 281
147 2457
727 112
668 516
325 1525
200 2238
815 1007
579 1462
279 842
517 2371
113 2676
918 1500
689 2941
863 126
389 3134
930 803
314 2654
217 2432
459 3606
520 488
900 405
842 784
832 3160
412 2335
69 986
548 2922
929 2074
307 2035
234 978
55 3624
314 3194
180 2324
500 3207
463 2640
765 2918
814 32
936 3550
198 2140
263 3492
5 1652
473 1265
11 158
335 137
274 2895
176 2036
156 2256
332 2742
157 787
339 214
581 1936
720 3047
745 1466
67 2022
56 1712
118 1428
665 2987
156 607
627 274
797 3050
841 2857
233 2971
531 1086
83 1371
775 1857
244 1426
628 2981
99 2668
461 2939
711 377
700 2414
731 211
934 669
549 180
668 2371
214 200
916 2388
343 1779
794 2754
898 2428
740 2784
31 2505
608 1371
415 2958
804 2840
249 1798
107 3355
741 2013
132 2203
721 1130
254 1610
152 1129
219 2676
661 1410
424 459
526 2498
535 911
70 826
398 1502
679 209
762 1561
823 2236
505 681
71 350
880 2230
308 521
104 3577
811 2789
461 2459
259 2755
429 2835
8 2633
530 833
592 2207
765 3061
191 1348
675 3363
843 3228
396 352
116 1991
767 190
155 3414
637 1536
428 2262
398 92
741 1573
928 857
257 263
875 355
825 1602
78 1244
23 684
936 2405
179 1349
865 1731
19 3105
393 2908
147 2041
893 1328
57 1749
391 2208
840 3361
642 3490
43 1777
884 272
200 1700
320 3091
291 980
882 1519
213 3276
638 1284
716 2203
763 1175
739 656
388 1812
392 3037
487 821
479 1323
450 2070
868 2058
106 874
503 3366
13 222
869 1430
445 2204
367 1587
564 484
550 3203
718 2953
279 1112
246 109
340 990
362 1009
158 1434
128 1931
949 69
410 2297
884 3180
459 732
608 1781
458 1714
235 744
417 3198
270 1562
597 3378
396 2804
881 1219
774 3427
580 958
946 3106
807 226
705 2899
820 1271
517 3629
136 2781
804 1374
652 361
671 1540
911 1916
710 2835
650 500
372 2973
470 2842
50 408
457 1553
294 1646
721 860
371 390
814 1574
337 700
137 2972
449 1385
897 135
10 601
273 1156
253 1262
616 637
106 2969
59 2116
885 595
101 1401
136 1071
717 1688
737 1877
46 792
855 260
131 2929
302 3207
622 2581
833 1516
681 2966
499 1585
899 765
247 728
626 10
586 945
157 2303
166 2989
286 997
805 3060
784 471
722 290
229 874
858 3112
776 3451
694 2334
220 434
801 1899
103 33
123 2919
591 2413
668 2242
459 1458
243 1399
160 2677
924 3226
156 245
737 2563
151 922
576 894
297 2673
351 1915
119 2279
325 2708
885 564
911 262
380 1255
772 1250
568 189
544 2936
876 2551
726 3225
725 2649
755 1765
398 2763
288 3233
449 1145
301 2370
137 3430
206 771
738 507
175 1818
240 2611
460 320
878 2584
395 1685
655 1723
119 3440
699 984
610 1888
364 1566
532 116
612 1788
172 2849
896 1726
53 455
887 3373
230 2482
423 3437
89 2531
631 508
302 3293
251 3081
940 1903
13 3168
344 1470
264 2839
774 1280
700 2238
35 977
884 2256
367 1725
489 279
488 3108
141 3359
588 2673
616 1868
170 1137
909 371
574 2811
81 3523
90 1624
90 620
512 3081
100 3006
480 2221
695 1234
325 238
481 2328
450 1744
276 1307
906 700
813 3451
181 930
537 1442
178 400
515 2676
668 563
145 332
120 2431
288 239
377 2252
71 88
6 2731
450 1790
35 1121
755 2424
649 852
482 366
622 3335
91 2870
921 2213
871 515
651 1315
882 2073
204 1411
430 3617
141 697
636 1441
350 259
706 912
815 2076
215 2529
85 3429
738 3129
656 980
868 2493
110 147
180 797
569 1283
170 1101
116 3177
324 3376
431 337
149 922
948 1255
652 614
930 1944
899 880
823 3471
422 3498
47 1312
882 2046
300 1810
197 2289
772 589
220 1924
326 2770
515 1619
504 2093
388 2903
318 3244
265 317
486 542
121 2704
493 2656
279 883
629 675
577 1204
374 294
507 1947
195 2925
764 1854
840 1777
818 2614
659 1448
252 514
172 1511
477 118
97 3364
510 2836
187 808
195 1162
692 1625
78 3478
761 3383
909 127
295 2744
929 98
271 3526
651 3241
851 1982
436 1187
509 3186
865 790
442 3160
671 1170
38 3558
389 1375
908 867
646 2879
702 404
788 1172
194 1707
815 1512
36 843
393 1776
293 807
118 2611
372 2986
789 3539
586 2503
936 509
104 1759
287 1369
361 920
238 1657
778 385
357 3042
934 1345
668 2207
580 183
434 2969
556 1956
66 1886
795 3515
758 1159
118 3378
477 3557
399 1102
635 197
943 3613
211 2645
513 1604
228 587
80 100
509 588
777 1061
145 1081
603 273
136 1773
623 1444
18 925
890 3133
552 1609
404 3266
30 2427
110 1909
934 355
132 1556
558 2493
511 564
930 1024
540 1815
421 2883
813 174
23 1459
123 348
935 3475
17 218
379 3492
577 1755
852 3131
455 1742
150 3187
833 1503
906 1533
612 2269
626 2381
802 226
607 2185
558 2759
288 2614
693 3136
211 3612
64 2454
475 156
36 3620
384 2062
253 587
343 2382
155 1119
177 2874
728 2574
149 480
838 583
221 3171
757 2475
671 1558
11 71
396 2031
913 3026
815 1069
67 2367
401 1938
863 3383
684 502
451 756
740 1661
471 1490
605 157
445 3381
558 3388
737 1266
955 3495
182 3350
429 1305
939 1411
769 2639
506 1696
203 1962
702 1053
194 3545
665 3495
922 1699
611 173
286 2929
457 320
84 188
17 909
70 1824
260 1960
749 3388
611 1387
365 1050
750 1425
761 3501
107 2214
424 913
297 3440
777 325
219 166
877 3297
618 994
636 3247
695 97
817 1142
639 2728
832 2890
469 1834
897 155
801 1219
521 1874
150 493
468 87
492 3333
218 3609
825 2502
609 2529
702 2656
413 944
381 2259
209 874
692 2491
493 511
894 1869
803 2554
303 2585
440 1919
435 2262
732 162
788 1784
897 282
5 1627
648 3464
585 2181
112 519
440 3024
838 2580
35 3565
510 1901
253 1819
739 858
191 1802
26 3075
558 1136
936 2498
81 2195
155 2175
813 243
453 1563
112 711
359 226
690 3027
777 1719
407 2222
760 1072
857 1602
870 2281
286 2300
482 1903
289 2701
474 2833
524 2421
354 2256
855 2080
154 2083
649 3014
420 2697
662 3308
235 2088
602 1153
828 463
311 922
331 1749
297 2975
111 692
526 2201
330 3045
532 1108
62 1178
587 2549
302 828
303 786
674 3023
111 987
732 904
42 298
145 2998
671 1005
80 2349
720 2146
318 606
132 1461
512 1442
697 2201
490 897
475 1026
931 459
525 883
330 3352
195 2080
314 1501
555 548
151 1330
503 3179
67 123
546 3446
394 3386
619 2715
487 3518
416 467
22 106
337 1355
604 779
901 66
14 1882
750 1869
918 2108
383 1670
753 2209
58 2985
579 620
940 2544
356 416
68 637
138 2181
32 1375
862 83
4 1965
903 118
398 2667
209 2665
563 1686
227 3292
3 2352
546 2896
259 1738
932 2218
550 2967
891 671
753 1963
222 388
450 1428
504 1879
783 1635
275 2478
627 382
555 951
637 952
241 1902
183 50
159 2392
806 3025
197 1830
378 2379
810 3470
400 421
783 2522
384 1406
417 1559
154 3393
217 3275
657 1833
564 1544
347 1255
459 567
73 2973
12 1208
330 3505
897 1289
851 3066
38 1902
833 2809
109 1128
360 1087
145 631
842 1231
17 21
375 2658
761 318
158 58
173 3067
246 355
930 68
930 619
616 1068
896 3627
584 950
587 2018
530 1890
57 1078
444 1156
714 3112
479 2940
322 972
526 1853
352 3238
952 304
129 1751
554 3592
717 1895
508 2768
44 2208
501 1454
16 2348
337 1660
184 646
152 622
15 1542
696 3539
664 589
62 2213
163 1134
370 3243
16 3367
232 1687
800 2044
685 1071
612 2758
709 2103
394 2465
532 3299
256 677
140 3613
354 3599
399 1166
32 615
943 1835
917 776
27 2366
862 1252
289 2785
402 880
129 702
792 1111
43 3426
645 3402
427 2662
852 2832
230 1589
797 1604
745 3014
136 3052
199 1504
470 3572
203 3395
676 15
932 265
699 2251
219 2263
280 2781
210 2281
838 1239
897 621
431 3076
339 181
543 2216
771 2953
470 1417
162 1663
884 1108
913 2002
267 2702
867 2861
824 3413
55 318
835 1638
335 1035
11 1775
346 2410
438 1051
459 965
279 625
475 1460
759 885
124 3440
342 2456
392 3389
634 654
952 2824
518 896
243 3002
525 90
540 2417
852 2729
209 536
676 380
518 1282
166 2002
483 114
638 2033
734 3137
263 2716
105 993
28 566
787 542
689 3118
939 1936
865 834
243 2233
404 1780
250 3484
765 995
757 3405
835 3373
277 3533
43 3489
282 3603
936 3489
345 1498
947 3035
634 262
365 1263
778 297
106 1590
552 309
44 1208
718 2679
874 1058
184 2696
424 131
69 3149
914 3488
16 2945
808 857
404 737
876 3000
942 3037
34 2463
657 1437
552 2984
338 2949
276 255
379 9
580 348
107 1761
816 3226
42 2865
194 2302
147 2098
282 2366
812 2611
638 3066
158 588
726 713
424 2017
147 1569
434 724
705 1946
349 2658
943 2690
409 1859
714 932
869 1711
218 3549
161 718
605 2332
336 1630
894 2960
709 2123
70 3413
612 131
624 1006
954 1039
408 1539
117 1782
817 2688
465 882
643 1254
792 2666
606 1736
425 858
109 2335
51 261
650 796
736 2891
504 793
289 1623
10 90
486 442
599 2148
429 327
453 214
352 3009
424 3420
883 1747
277 1675
274 918
366 640
763 1511
309 2406
9 2356
721 131
605 3092
9 1474
617 2928
220 1865
626 3302
494 1725
497 3589
244 3291
279 1180
511 914
568 3141
291 2039
827 2327
607 452
738 2774
199 2017
105 807
329 3104
541 2232
768 1496
301 2373
152 18
282 2590
220 2194
594 1969
88 2341
164 181
24 877
75 1899
322 227
109 3301
313 905
900 118
293 725
943 846
102 1805
635 306
466 102
393 2240
140 2203
28 549
367 1969
256 3141
583 343
57 3148
508 2900
78 2224
512 1679
394 838
566 1891
82 1935
164 1129
426 2781
357 1285
885 1516
540 1526
443 3053
798 2166
100 2492
622 1490
166 774
390 1434
399 1436
746 1495
116 3545
74 353
660 2241
668 2183
252 3492
157 1858
360 1773
640 2123
842 1346
310 2306
207 3109
740 2080
581 2127
456 23
489 2331
62 2944
726 2019
410 1613
817 1534
729 1047
389 3077
661 3620
628 3100
411 1012
796 2236
591 2018
838 3338
552 1327
674 205
789 855
683 2262
128 1857
37 3103
761 2728
745 1327
229 64
693 1060
861 3568
265 903
197 261
452 810
113 2195
206 1922
408 3415
615 980
9 2818
93 1281
253 885
913 2944
434 827
523 800
575 3321
766 1923
795 527
59 1153
316 2365
841 837
384 1234
529 3530
129 374
818 1793
517 1787
161 3506
508 3025
168 177
620 2095
391 1880
455 41
397 3304
157 32
744 2330
344 790
103 2353
905 182
311 3300
726 2095
302 131
626 2395
862 2897
194 1735
812 2713
72 2835
154 3122
798 2345
797 3016
261 765
610 2068
754 358
472 1230
389 596
565 1311
160 460
306 376
195 999
28 1257
220 1294
945 1922
91 3001
465 3486
627 1507
759 1330
622 497
165 3069
759 1396
267 3147
552 2309
97 697
826 1681
506 750
70 1979
307 2956
511 3278
509 1954
494 2791
853 1158
394 100
476 3251
954 2551
195 1323
848 3193
635 3075
350 1388
284 2222
458 3391
103 3598
558 1445
105 2841
398 538
432 2453
876 1737
582 318
1 1452
269 3091
736 1395
305 1446
194 1985
282 69
324 1010
383 1973
47 907
910 1888
177 2300
210 3601
724 3275
254 3126
430 2731
118 1687
271 831
389 846
873 2852
653 1703
64 712
853 664
940 1046
117 264
474 315
60 440
321 3096
539 1500
490 3420
122 3245
743 3074
849 2751
493 1044
214 530
201 1208
540 1281
928 1783
848 1225
472 670
40 2874
812 1272
850 3479
922 255
199 2135
849 2816
376 1000
890 1818
75 1129
629 1467
158 2696
952 2855
523 1924
655 3325
492 2548
369 1839
242 1017
360 2962
542 2818
856 3254
827 263
355 2211
679 1636
334 3139
684 1441
798 701
277 1486
681 3382
611 2260
513 1439
695 2032
577 1827
12 3581
419 2749
406 2460
111 748
536 359
535 1867
904 1806
552 2759
739 1581
918 1422
764 3102
130 719
353 21
325 1214
330 2846
789 594
778 1550
52 1843
823 965
615 2792
702 1391
261 1282
791 190
826 3145
601 77
773 1076
381 2824
471 1322
595 3373
297 801
624 1742
841 2158
753 1188
305 2256
934 2691
789 1198
29 849
192 2297
241 1895
442 102
449 3602
123 3092
786 2996
715 3209
433 2017
630 2601
112 844
63 2519
391 291
165 1126
497 1938
11 2294
662 651
712 1403
352 856
228 1677
167 582
677 134
194 3257
750 3309
921 1379
245 3376
677 1900
189 1290
199 3167
720 1498
348 48
664 1509
336 3530
542 1272
868 1161
37 2260
180 3314
199 454
757 2017
319 858
611 314
628 3483
824 1225
568 94
643 3093
3 2332
162 2704
300 2383
576 1110
737 2149
637 800
899 3150
869 1694
405 1758
369 1781
726 112
126 663
1 3526
584 2762
743 2174
599 3553
108 723
851 2417
159 761
604 1482
35 2521
617 84
840 1424
123 2011
320 3030
434 2049
46 1307
453 2332
74 1339
701 868
19 3000
741 1348
499 884
234 3465
613 97
360 2062
865 3108
55 2505
173 2309
222 2201
743 941
842 3462
779 1221
282 1085
324 938
61 2905
509 2391
248 3144
460 1363
870 220
412 2992
699 3256
735 1186
303 513
884 2022
496 2385
59 1793
23 1712
663 719
353 926
224 3142
413 1080
840 1450
286 983
580 3626
629 2784
523 1067
899 253
669 3276
718 5
956 2476
186 3130
809 1359
338 1780
206 1237
670 3312
559 1499
324 1480
200 719
833 130
804 2716
336 968
557 3439
412 2148
274 2211
440 348
89 301
5 1303
233 712
153 3313
281 511
257 1398
302 1460
125 2705
324 3343
405 2498
530 371
356 148
278 3496
928 2000
798 633
769 1604
612 119
575 2485
213 908
597 148
490 679
348 970
761 32
660 2641
361 2421
164 962
85 2639
602 1976
115 960
458 2797
634 2111
613 3518
693 1655
652 2824
534 2790
234 2386
504 1225
86 1006
163 2116
228 469
654 197
55 3424
511 424
51 3071
561 2291
262 416
503 45
772 949
14 2773
44 1516
360 1782
660 987
24 225
299 1983
849 2942
925 1934
670 285
849 1492
146 1090
157 1563
307 750
266 2800
943 609
699 2272
291 49
389 2681
493 905
136 2149
553 3345
93 626
668 1035
133 2874
401 2634
388 409
614 1476
310 315
609 3188
805 218
829 2470
151 258
572 2186
946 1240
439 2987
391 2653
540 1301
414 2610
105 1140
553 182
943 1292
319 2189
884 370
527 742
525 654
815 1104
784 2693
698 1792
610 3621
56 378
127 961
715 2866
196 319
25 2852
173 1373
544 3225
893 2672
732 434
149 61
436 1669
641 998
188 1775
570 3145
671 1654
469 2209
702 866
360 2728
325 2104
867 2225
440 2797
627 3556
108 825
872 3210
206 3256
692 1499
620 1326
489 1746
345 2335
915 1283
896 3514
696 3267
886 432
672 1224
316 601
501 3202
38 358
650 1538
831 657
301 1769
640 1803
587 1187
873 701
68 406
534 1807
466 2505
844 452
903 14
4 3233
113 2076
123 1989
332 2870
23 2293
822 3624
245 2379
574 530
313 767
533 1803
261 818
409 841
556 664
770 2791
710 2299
181 2735
32 3162
123 110
437 321
53 3150
368 1590
45 1316
848 2388
464 2945
86 38
494 1287
336 949
656 3071
617 1511
208 2133
667 635
898 3280
410 1981
518 2516
65 3119
654 1027
309 825
637 683
29 3284
730 2561
174 2785
865 196
651 1145
280 1676
744 737
727 1552
685 1266
514 1019
831 746
768 3318
424 2657
60 2784
825 2896
803 3156
778 3272
21 1655
477 2034
562 1050
140 2596
371 1366
112 1023
211 1224
527 2995
123 3544
99 226
762 1551
134 1276
899 3143
53 904
944 503
744 2055
506 2070
392 3304
333 2807
785 1907
626 2117
386 1809
267 1334
682 2311
223 656
777 459
38 3487
34 3294
162 1038
135 1261
276 3406
52 245
752 3343
47 3214
227 196
828 811
918 3209
532 2569
394 2897
123 2020
314 1717
20 424
126 1053
14 3333
877 1427
532 1405
452 594
1 1704
338 558
423 707
867 1651
587 1991
645 1706
323 776
863 2645
423 675
924 2527
913 941
592 235
577 167
630 2618
869 1237
53 302
713 3497
941 2631
231 2195
455 2736
374 1999
94 125
317 3564
872 2330
876 119
42 1366
726 2615
615 653
869 1151
607 2357
815 1972
724 2418
553 2374
569 1937
26 577
939 2131
716 571
758 2232
569 1593
305 3188
385 364
664 966
461 1452
759 3331
6 37
238 1645
349 1459
548 670
607 2605
499 282
651 1460
761 2271
505 3078
722 3410
411 2253
621 474
514 614
284 2509
185 586
209 551
160 1759
72 2336
759 3414
165 341
761 1636
930 2332
647 2930
530 2958
169 3041
679 15
229 2625
834 1907
294 1525
279 97
828 1748
708 3606
634 3056
928 3018
233 504
166 612
86 959
437 2503
418 2162
380 2114
222 488
659 683
436 2554
410 2908
445 1890
270 3185
379 909
339 2011
316 849
661 2891
785 1443
277 766
301 2538
189 2292
642 86
954 2394
135 608
256 50
772 2085
857 2169
715 3336
789 1302
910 421
48 1850
623 80
637 226
621 1172
397 1790
60 1760
335 3524
504 1330
65 2993
309 2869
600 2094
50 1216
901 405
546 839
341 786
313 2961
865 2862
235 3016
227 3496
671 254
400 712
487 1537
571 86
897 16
670 3115
882 3136
406 2335
246 68
726 3259
751 2652
563 3055
925 244
759 2455
732 641
402 2230
700 1168
285 2181
490 61
832 2662
465 964
482 919
733 1594
121 2156
745 1255
602 830
814 740
83 3225
445 3255
1 346
430 2254
106 2647
11 2497
346 1041
262 3503
242 1031
633 1431
847 3401
82 3151
809 1088
6 3576
79 2614
861 3085
627 2725
793 701
861 3214
757 2057
417 3419
859 1833
640 558
550 659
607 647
554 3605
577 2803
568 921
251 3161
680 561
17 1169
301 2321
190 1124
654 753
241 2519
296 2158
593 940
343 3189
784 2954
116 434
955 2517
871 524
131 1396
191 2935
119 941
549 1792
891 1835
119 50
850 1925
939 2640
808 728
311 1774
160 2030
45 364
155 470
860 3439
684 3011
32 2454
675 1423
520 149
454 684
148 1219
742 2627
64 440
652 2424
473 3434
615 3043
277 2004
760 1364
548 3254
91 2881
474 1432
635 3158
296 3091
788 2694
459 1304
315 2744
522 1756
659 2456
367 545
74 3157
509 684
208 2901
772 567
479 2780
230 3621
507 2080
502 2552
755 844
617 2000
923 376
553 2956
771 2835
544 2860
29 3449
224 1644
397 1077
725 3005
153 467
649 1461
583 2338
651 2306
652 638
699 1785
242 1214
891 1006
948 1049
229 43
777 2819
751 2893
328 202
423 2248
779 2130
391 322
596 2236
383 460
478 1835
894 2789
23 3052
382 889
766 2794
743 1370
781 3345
577 1184
224 3175
68 2536
127 3608
192 155
839 636
377 902
710 1315
846 265
877 990
193 3447
361 837
850 520
447 1630
239 2671
420 2823
354 102
769 317
872 1766
895 728
902 1037
327 743
508 2330
26 1981
740 2866
778 2357
800 3034
137 3183
815 1333
709 2667
405 817
854 1690
455 1640
421 25
519 2933
843 799
312 2734
487 2867
784 95
8 2257
204 943
556 2162
8 1377
803 197
928 2988
381 2352
785 3369
187 974
806 2102
763 2323
13 2773
815 2341
778 2011
340 1087
318 3265
673 3416
906 2263
389 180
454 2324
86 378
217 1029
929 1150
261 3102
432 2315
581 2222
641 1047
506 3556
433 3552
146 226
470 2199
655 1738
771 2507
875 3114
803 1443
42 1911
826 362
112 2466
643 1784
784 2006
375 99
531 73
753 1889
885 782
781 2306
758 2606
11 1543
511 1509
156 1996
863 2310
739 2206
812 3435
500 2136
151 3192
344 113
569 3002
781 1767
308 2764
564 338
791 918
947 3280
287 372
341 722
145 1911
30 2993
609 2713
567 918
600 938
683 20
294 3438
20 666
87 2326
745 2648
736 2919
266 1021
829 495
125 1692
142 2238
62 3588
556 399
368 2344
876 1753
113 1449
826 589
603 1364
660 1455
767 2630
108 3266
710 1413
840 2433
755 2402
55 1269
556 3111
747 1047
801 157
616 3120
526 859
261 368
557 3093
872 1864
585 1196
906 1934
672 179
602 1514
98 3436
920 1810
656 2332
724 3078
472 2390
951 1600
507 1689
730 2894
194 1899
16 2462
8 3307
389 469
473 535
846 1960
26 3181
19 2915
553 3198
630 2720
621 1299
3 522
932 310
947 1506
325 997
801 3447
262 2000
703 2875
870 1444
702 1394
764 1408
860 893
597 2938
692 3135
210 296
17 2544
839 2314
320 380
286 112
433 2467
351 2105
124 2111
595 318
648 2175
542 1336
75 1542
847 621
533 1345
412 3024
549 3245
894 224
753 980
245 3160
324 3054
84 2560
737 338
749 2605
7 2140
657 2707
171 2614
681 3332
11 3029
944 2398
377 3540
609 808
657 1871
545 1072
832 3602
203 773
683 185
695 1058
236 900
770 1860
695 3450
923 1456
904 688
630 2982
920 302
201 837
256 2322
260 2672
833 604
264 2786
794 2583
829 1493
660 2170
275 3200
102 1366
380 3089
816 2592
527 1203
861 2312
700 2897
69 868
714 21
295 3480
717 79
371 2101
157 401
858 3274
248 831
880 968
713 2529
710 410
490 2106
70 1825
761 990
562 181
466 2357
284 2441
418 3301
424 2782
193 1303
864 2168
408 2244
124 2980
893 1016
271 2608
734 720
355 3436
295 2674
656 2153
449 1529
786 1516
100 3551
746 2293
98 1411
30 380
640 302
105 1922
948 629
929 3282
30 1609
803 941
100 1402
292 3261
771 2000
345 2839
333 2616
686 1465
808 2398
475 1565
143 590
97 2779
380 3271
759 1282
415 1090
790 1749
80 2598
70 2265
711 2256
313 3003
