311 4249
5837
272 758
308 1430
101 927
139 1645
256 2619
253 3808
49 2633
231 1707
249 4016
26 2446
149 722
167 2352
71 2768
4 1634
156 3599
23 1876
218 2090
120 3656
46 1846
86 2324
74 1953
104 1568
51 197
64 188
274 106
181 585
117 1590
37 3538
30 378
120 966
38 841
271 3379
106 1357
163 2029
221 1722
99 204
293 118
76 3597
122 3580
299 2857
179 470
27 3715
143 1252
76 4136
262 2610
170 747
227 3816
18 814
198 2860
277 710
50 3443
302 4129
239 1670
180 1600
204 3482
267 1712
9 1644
149 2377
61 1908
184 3320
144 1002
299 3703
268 1574
56 3021
242 983
163 492
195 1355
231 3998
100 1818
216 3155
103 2582
306 4058
211 520
289 1126
194 2894
79 1019
304 269
50 2710
243 2708
194 63
273 492
240 2850
58 3658
184 3612
78 1414
72 3913
177 2995
248 1360
298 521
123 2708
62 4109
16 3485
82 3054
1 2190
233 4205
233 3707
223 2342
233 3478
11 2261
126 102
65 2487
237 702
254 904
164 418
257 3077
256 824
291 3563
91 1268
14 3896
34 4084
213 3715
140 1122
113 2873
157 4203
186 3319
22 1006
159 3143
49 1286
288 84
194 2840
63 2618
67 2351
77 2952
287 3451
66 2119
86 370
239 3559
48 715
302 1742
187 2424
233 753
172 1538
194 1263
256 49
118 901
253 374
95 3360
59 2681
183 814
195 741
103 1392
198 1580
26 2661
79 2771
223 979
108 1179
104 3752
202 1841
175 1325
145 1652
71 707
158 2982
84 1305
161 2193
59 630
77 1076
283 2321
258 194
148 3522
219 2979
79 1583
77 3430
272 1634
107 658
118 3766
50 2300
260 3914
268 3284
5 1495
70 971
303 2885
262 3212
207 3520
234 4177
223 3660
217 4062
171 1815
80 3698
154 678
138 1252
113 1921
168 4232
286 2397
5 1420
105 3183
285 3455
210 16
228 2183
55 2709
180 3566
35 1012
191 1871
3 305
76 4224
43 3594
179 593
286 1946
111 1205
217 2175
92 2731
130 3498
149 3101
54 2866
36 1840
250 795
258 1962
85 2038
116 739
23 2598
237 2231
143 3825
307 3124
250 4181
171 588
289 1217
5 12
298 490
290 2716
252 392
109 1865
87 708
9 2777
188 3348
154 671
188 2624
16 1164
181 524
211 2693
276 308
123 2059
169 2230
85 2670
282 3545
37 1572
88 3829
64 360
127 2299
189 1477
45 3055
286 676
248 2484
133 1427
307 1336
51 3157
18 3863
168 3372
144 1421
23 372
73 4076
12 3597
47 2293
105 3166
2 3510
31 434
44 2552
191 2944
54 4051
301 1159
241 2033
225 1642
183 444
286 2554
234 3379
123 3636
92 1127
220 2195
224 430
244 2428
258 1835
53 1604
231 3138
133 1270
302 2443
227 2707
182 2105
95 2022
94 3042
266 3048
253 843
193 3219
149 403
139 473
207 1165
187 2796
59 3795
43 3111
83 3384
237 1327
151 3771
97 2191
246 1536
164 1386
14 3550
70 2903
277 1413
111 4047
273 1966
224 79
271 143
205 3427
16 762
147 2566
279 1099
164 2015
55 1880
19 2019
236 3754
300 3850
280 2716
235 2281
239 413
102 1834
283 149
65 1653
293 2803
67 1119
192 2407
67 814
146 1222
128 2061
75 899
53 1790
220 2660
173 1687
295 2735
242 2936
224 2550
14 1868
119 1324
148 3837
136 2835
32 2927
230 2765
95 326
4 2053
2 1507
57 2105
228 3240
201 3382
164 2054
22 3371
287 4164
244 2008
162 1895
288 3142
292 2249
146 1575
112 1586
35 2140
38 1477
215 3539
137 3915
199 995
219 2791
94 692
158 804
110 815
213 3074
72 3804
70 444
18 1240
252 616
129 1347
7 864
80 29
86 2300
139 1171
182 22
87 2069
67 4200
16 3678
89 2308
142 60
22 2462
87 3405
27 3116
40 1349
111 308
160 4230
236 3122
216 1147
211 2820
271 135
259 1845
173 3152
148 2348
98 2089
110 2698
33 415
185 1193
165 2159
122 72
273 1704
289 552
236 1027
241 4081
138 2555
99 3678
105 3488
67 792
29 454
170 4116
112 2818
187 1908
3 3324
62 2836
86 2592
175 2117
70 2761
59 3938
10 3954
116 2481
42 3686
297 2936
177 3758
111 3592
129 1693
241 1669
54 2263
66 974
254 1890
79 1404
76 42
141 1682
145 2309
140 1309
101 2592
268 2310
49 3870
218 3802
183 308
243 432
154 51
88 1388
159 2125
13 3382
75 3729
280 2758
271 3287
147 2244
281 3049
114 794
151 3328
148 2953
60 3666
141 473
52 1194
289 2060
244 3000
75 1424
205 1976
90 265
3 2335
30 2709
262 3627
108 2754
37 934
24 1787
20 3416
272 3453
158 1716
152 2339
166 86
126 1350
283 1220
213 780
111 3137
193 220
240 1761
212 3473
218 4027
169 422
24 3372
248 4203
186 1723
82 2380
33 1554
254 807
150 4005
117 1384
292 3044
143 3474
255 319
264 1589
79 1524
91 139
243 3311
121 1565
263 1481
95 4031
194 1085
188 4050
296 3264
286 876
11 4151
20 3992
142 3771
106 3867
179 3995
55 1054
88 176
255 1964
12 130
190 3235
144 1041
79 3544
261 420
283 1524
117 377
36 450
284 4085
246 867
304 2284
196 31
162 898
61 3795
218 2318
270 85
120 2278
89 3164
208 2744
98 1426
199 3308
117 698
109 40
259 2001
77 2687
215 2369
58 628
269 1467
263 1369
310 1294
62 4088
272 2882
284 1312
115 2606
43 548
217 388
106 370
195 99
270 1762
87 3457
214 2652
28 1926
220 452
47 2707
205 2500
50 2136
128 2748
283 4110
266 3634
12 2108
273 3950
106 494
302 84
158 2577
284 1709
30 2569
14 3621
30 3061
42 3410
153 543
275 88
242 620
191 1719
281 3709
269 1623
134 158
82 1104
218 650
65 837
225 2014
100 3201
129 3575
275 3282
8 3731
97 2841
259 1055
221 3107
130 1845
110 2337
154 816
104 670
213 2237
178 1399
200 714
27 4070
138 3492
27 588
82 2006
292 4127
294 1751
87 2727
279 2051
311 1583
83 620
266 958
60 3729
79 1711
59 1241
154 2369
11 883
22 2415
98 2362
252 2433
218 2371
251 1843
281 3919
176 2651
280 2006
190 4240
279 2956
198 2594
267 1117
162 3339
231 2558
175 1792
221 1947
82 2236
276 1000
126 2973
115 2814
191 3133
43 1734
70 2758
300 3779
6 194
10 3273
165 1217
237 4237
89 3000
165 2360
199 3808
234 1450
257 1252
310 284
255 180
244 3594
265 1191
282 2125
168 1975
54 1823
237 2610
138 642
206 3286
304 1846
296 1929
250 1823
286 1368
100 2475
82 1806
236 3538
231 1284
19 3957
212 297
40 2266
126 2610
140 330
132 1737
179 2425
241 231
262 2404
296 1464
275 1267
128 2184
266 3967
280 3271
15 687
71 2770
277 2360
49 3249
139 1241
269 2592
172 2592
155 1586
196 2297
86 1175
182 4007
56 1708
169 3410
77 4183
178 3828
174 732
113 2367
128 829
62 643
289 2250
4 17
53 2219
168 2952
142 523
289 2840
140 3264
311 1849
60 1972
107 955
108 3089
53 272
70 2300
75 3172
100 1326
83 3765
260 2245
237 426
36 739
85 1415
64 1003
274 1252
130 2429
68 1481
108 1755
189 3613
11 3177
289 3665
96 923
192 2859
91 1130
156 2486
276 597
198 2492
28 1489
309 549
71 1246
217 424
14 3367
105 3782
43 909
252 3218
87 3150
311 3444
119 3884
65 2747
162 2259
74 4093
219 1872
49 526
93 3271
52 209
88 3674
84 1022
153 1243
98 800
23 3815
46 1166
289 3458
283 1305
200 3589
67 1313
3 1032
65 2730
145 1956
39 2564
38 379
32 2989
259 4186
152 4044
63 1277
135 3281
245 1628
117 584
42 4178
206 154
122 3260
292 2286
163 2698
85 1357
61 534
233 4006
72 2544
126 2872
249 2071
47 3097
171 1180
175 1108
265 3034
39 344
7 3593
280 2459
138 1114
202 2809
5 1943
119 1103
32 426
80 4039
311 3549
311 2393
41 72
39 1883
110 1297
169 1794
223 3061
93 1423
214 1021
143 766
130 3037
98 771
226 593
153 1266
307 2794
222 764
77 1035
270 1658
44 2671
300 3049
68 1673
130 3463
174 1477
29 2240
278 3059
183 4105
134 2977
262 489
152 3567
264 3523
235 3548
286 4239
165 2073
272 3334
177 4132
252 2401
125 1948
181 285
284 2597
112 1560
203 1422
257 666
8 2068
193 2830
208 2907
185 1240
33 3704
24 3224
130 3416
111 1587
54 1759
256 176
94 1120
100 4044
155 2146
84 1884
64 2448
226 86
62 3319
222 691
236 2012
281 781
164 2373
298 3967
293 2768
257 2321
90 1463
163 3286
102 438
203 3168
51 971
148 3292
122 4091
260 3684
286 608
263 4132
127 2343
180 3626
102 1261
244 1790
110 2149
276 2996
200 3593
242 670
134 2643
207 1324
24 2774
253 2992
32 80
171 3031
62 1973
194 4122
304 430
46 1544
34 1717
173 3478
184 3030
133 1228
206 585
8 3926
168 1060
8 3539
213 2541
137 1843
231 843
139 1085
219 3187
262 3576
225 2746
262 372
163 1297
240 3169
125 3680
230 2503
22 2913
264 1208
148 236
35 1376
238 2136
71 2540
206 1465
291 4178
287 3328
266 294
59 2824
178 1988
289 3747
269 1190
15 48
114 285
304 382
147 3878
268 1688
233 3787
207 3220
257 2502
277 3884
221 974
224 3586
40 1985
302 2102
157 3742
260 807
95 2535
95 4026
56 3447
298 4129
227 865
65 2578
63 3054
184 1450
30 342
188 2506
287 1522
170 3276
204 2759
168 1830
80 235
76 2992
131 3138
28 998
155 257
129 471
104 3851
30 2737
244 1088
23 2092
80 3343
164 394
90 2249
8 3077
53 2211
203 915
154 2202
260 1273
245 209
249 89
121 542
208 3857
136 1860
51 3885
144 1237
44 3564
174 2725
151 1693
134 3715
297 2065
292 1576
124 3682
309 2040
178 2525
209 3434
48 4243
95 2939
251 1488
283 4125
235 963
163 125
235 2248
60 939
75 3257
40 2571
105 700
78 1072
6 2811
292 3617
6 1115
76 2919
290 1496
30 2232
186 4140
171 436
71 1757
66 988
180 3738
137 1831
37 1675
281 2285
204 2582
13 1112
173 2783
65 2708
231 4152
146 1831
202 82
258 1993
80 144
250 2414
164 2579
87 2808
223 2839
207 1191
244 2840
265 3859
261 89
288 793
140 1703
292 2238
139 99
216 4208
286 3811
118 708
300 3567
21 2436
144 1378
1 3580
233 3421
116 126
121 3785
187 1921
180 695
131 2072
134 2590
133 136
297 1456
113 3983
51 3367
67 2708
175 2104
80 508
158 1945
291 9
214 1501
199 732
77 3641
211 1685
289 1558
281 2759
129 3083
173 2795
196 2424
220 143
195 764
202 3184
97 775
309 557
171 3128
215 30
94 3707
64 2847
26 2109
75 1547
106 2024
300 7
68 1336
76 2358
107 642
73 1101
241 3954
285 1477
107 2031
213 2803
242 406
143 3970
196 2559
81 2581
113 501
173 383
169 4056
167 386
293 1398
257 1050
191 2319
119 1508
75 1913
89 2814
67 2903
263 2234
75 122
276 3782
47 27
20 2753
233 171
181 1919
2 1111
80 1882
275 2474
31 3198
168 3365
71 3405
142 146
288 978
293 531
18 3827
138 4037
177 1675
77 2209
150 835
296 4158
88 3304
278 4158
103 2399
234 175
173 1982
41 309
86 77
190 1663
229 95
53 2268
269 1049
13 57
195 3238
187 1557
50 2657
104 1953
311 4125
282 201
157 4009
18 2860
79 4199
141 2600
109 3589
251 3284
219 222
36 4063
257 3902
15 1233
23 1593
299 3546
223 3147
178 2337
298 2041
180 1878
166 2541
260 4158
302 3235
122 1929
248 1307
214 739
248 2029
64 45
196 3432
209 243
286 2231
127 347
61 993
243 4211
115 715
282 1186
66 1941
161 3818
195 2912
49 2770
103 1961
119 1868
129 3639
46 4173
40 525
101 3005
144 2707
169 233
179 122
105 2373
59 251
135 2546
49 193
22 1524
291 1606
242 1840
90 2495
86 2920
55 2432
4 3096
58 3714
107 2506
143 1377
165 1999
138 477
244 3807
11 1401
92 966
136 1734
95 1913
192 1666
198 243
300 392
19 131
23 2630
10 1841
286 2200
46 2847
28 882
3 445
226 3847
48 4081
163 3860
191 1952
85 1069
275 2605
195 4027
75 1301
93 3352
246 2534
3 261
80 3793
209 3350
304 3289
261 2271
171 1402
311 1844
164 1720
119 4118
10 2
229 516
230 4012
103 855
149 818
228 2346
144 4125
182 2848
172 431
33 1043
40 2277
10 63
186 2212
181 3544
182 3926
159 3304
269 1751
213 225
256 1010
230 1347
105 882
123 3973
274 2706
222 2246
244 3222
125 2042
253 3234
122 2365
155 1008
95 3872
294 4133
91 4239
145 1572
150 3498
222 2091
286 3705
242 1744
151 1287
82 891
248 1833
213 1288
124 1035
198 1069
265 206
28 3688
205 333
247 3611
1 102
34 1775
220 1483
75 3957
227 1115
254 2431
137 2830
284 2531
191 1022
247 3118
264 158
160 596
290 4190
287 728
218 1531
151 932
177 2827
17 389
299 3415
43 375
200 2767
93 2869
281 3983
11 2817
252 2946
130 26
135 2109
259 855
194 2290
108 3850
26 303
208 362
147 3413
83 2710
305 1012
203 3394
187 2847
111 1958
177 882
111 1133
75 895
213 2591
20 2125
300 4071
304 84
29 1147
263 1173
46 217
196 486
95 1071
111 3906
126 3288
23 2434
107 2275
214 454
9 3280
46 595
179 2054
134 1570
124 796
172 2695
229 1119
303 3698
20 1120
269 1360
166 839
18 3142
281 3581
182 1562
53 2774
96 311
177 236
96 3811
308 624
236 325
186 1103
80 2086
172 1844
212 2682
73 3500
153 376
14 2989
9 3588
225 4045
64 1097
219 833
184 4226
172 2488
186 1079
246 1080
191 3653
67 1000
184 2025
301 1495
49 1943
173 589
185 3714
55 1360
99 1966
116 3823
223 1217
195 3306
208 4000
227 36
119 3738
42 2499
287 682
208 2221
4 1470
221 470
276 3241
268 215
260 3787
13 641
143 217
169 4039
236 908
26 66
124 22
246 476
67 1140
42 560
77 1461
303 3386
175 1352
177 2070
86 2197
121 4006
92 981
291 3576
86 2010
196 3614
93 3844
183 3630
184 1921
108 2546
139 3168
157 2829
117 3643
142 2523
117 1617
264 2029
65 147
116 2757
258 3890
105 1730
23 1450
8 18
3 385
294 3015
168 1307
90 3087
17 1471
9 3374
74 877
3 2026
253 3963
190 3523
222 2854
308 2776
297 2362
127 2841
29 2384
87 2080
186 3962
168 3478
104 1601
188 2693
79 3414
270 3338
157 1030
7 3993
161 1580
147 3591
291 2122
28 3390
241 624
106 1396
58 3729
307 102
307 2539
140 269
22 850
8 3181
160 2262
74 1333
6 2748
230 3424
264 691
211 1673
22 598
246 412
155 1097
256 1073
247 30
293 2040
243 439
11 2931
17 2554
121 1121
310 1788
171 3295
61 1801
306 956
19 3814
117 270
266 3842
48 1552
28 4222
74 2121
212 1756
143 3095
283 1099
40 2262
181 2715
181 1272
154 2858
262 403
52 110
262 2782
137 3659
265 4138
112 1984
266 1912
146 3966
166 1514
2 2851
217 225
309 2428
141 548
158 1236
220 4150
152 3704
143 3228
120 1440
189 3311
105 1216
203 3387
20 185
76 2592
21 1472
180 417
145 778
311 1445
262 848
76 634
209 3096
103 806
165 2809
49 2432
204 409
115 2928
81 302
201 1941
254 569
115 4063
70 655
187 3094
280 2190
229 4103
50 3424
303 3665
255 3198
194 4087
22 533
154 2234
90 764
178 3428
301 2491
102 1108
272 4056
4 810
91 4141
14 2223
194 2122
125 3271
200 3833
6 1527
19 18
152 1138
286 3022
154 1333
142 3855
270 1028
80 2336
267 1557
157 1700
68 3319
187 2522
261 1169
289 3933
242 3220
216 2297
49 1555
129 1690
3 2181
61 4017
7 2798
210 594
145 4042
74 3773
149 3412
247 531
239 2646
41 771
43 59
266 1785
78 2028
268 565
228 2978
6 3044
189 1186
278 2093
286 3525
171 2339
144 2997
33 1239
18 2977
298 2978
197 3552
40 3747
162 581
231 117
53 1038
171 1710
115 3852
34 2717
9 3826
138 1191
58 1165
97 3421
215 4134
164 585
109 1902
218 1822
188 1831
280 78
174 3610
202 1934
18 1025
264 1237
288 2397
300 966
179 2605
13 3273
145 1319
109 1497
60 3489
75 2113
288 3998
301 920
101 58
55 1326
76 2608
66 13
108 796
243 671
127 2300
122 675
281 1327
200 3704
244 1163
97 2055
257 987
256 2381
278 1788
242 3501
100 728
210 938
266 2830
53 1370
270 1429
129 875
298 549
239 4216
63 2968
128 1192
239 3955
253 1055
134 207
210 3518
258 1393
47 91
281 2675
241 4201
114 3778
166 2285
263 4236
72 4218
281 3894
252 1202
67 2594
32 1772
161 123
295 1095
77 3489
166 1868
142 2871
162 625
159 3256
26 2758
136 4182
311 1416
310 3693
272 3744
156 3796
198 2341
16 2698
233 1139
83 2920
151 2540
187 4089
274 2690
106 1925
228 314
192 1915
28 4098
10 2379
55 3596
292 3607
6 1252
217 626
82 3835
167 853
134 4185
51 3501
193 1479
22 2929
41 2983
116 2399
235 1328
265 1275
131 1443
291 1840
263 1663
261 2387
205 2497
34 4138
13 915
235 916
109 1551
12 2030
157 1592
116 2808
272 692
257 1256
119 1829
20 2107
48 1980
114 764
169 2929
294 614
143 1757
83 2804
292 2545
238 647
4 1805
224 1641
48 3823
149 3013
38 1298
269 3170
105 1239
153 1398
115 1487
25 118
116 3872
284 3724
231 1491
192 3970
4 960
123 3052
197 643
161 1725
166 180
139 1583
151 4184
156 3058
225 721
152 2159
81 1060
208 2798
128 1977
168 1545
166 933
189 3472
97 3671
302 607
169 4242
77 2451
38 2164
160 795
66 3287
308 3079
185 1669
31 2756
54 1250
278 455
143 720
128 1375
124 775
150 2343
78 1344
194 2579
156 1232
266 85
280 1726
66 1350
168 1190
211 291
139 1923
271 2189
243 433
186 1989
80 1251
119 384
138 3576
250 2368
10 1090
265 3598
60 3896
286 1660
73 2723
29 2357
248 376
216 1622
168 3608
138 2086
73 1174
129 1968
296 774
288 3763
291 4100
17 3297
59 3829
14 253
120 1207
21 521
175 2726
239 2079
259 635
296 2039
198 2301
47 2479
107 4198
140 1870
195 2690
181 2188
7 771
99 1079
73 602
244 3105
226 4172
91 938
35 3958
88 3773
135 983
164 1503
139 766
237 3958
187 3644
124 1733
113 2408
291 1395
219 2398
48 243
95 2034
139 1463
141 252
117 1842
286 2338
105 994
237 762
287 1842
58 727
167 2563
259 131
24 3910
20 4165
206 3391
249 2139
271 2995
131 1250
2 3567
122 3008
225 1408
117 1323
151 2951
125 3099
16 3223
207 2209
42 3786
152 695
284 2308
20 2810
89 1073
236 60
142 1329
274 2442
195 3818
188 117
61 3318
284 2199
56 2629
227 1684
143 2346
271 3849
276 2631
97 2271
236 2932
251 215
284 354
146 1580
157 2734
3 1824
176 3321
73 2039
193 1188
281 3536
289 2001
199 2329
116 2162
112 2819
296 1607
226 1676
172 3266
151 2787
140 2161
132 4087
118 3551
245 2272
55 571
203 4022
39 2725
167 1301
238 944
150 3164
58 1901
189 3969
297 478
46 3225
281 2654
177 1903
103 4042
252 1193
39 2778
286 1732
308 4120
218 660
113 1909
123 230
2 1629
155 2798
41 2044
126 2425
117 3084
257 4149
137 496
261 3138
133 3314
165 2308
23 3624
79 3936
50 1311
249 3309
289 601
40 2662
19 4037
28 3878
192 3255
90 244
201 724
12 1856
133 1570
33 2500
95 1505
98 3171
20 861
243 3017
143 3046
310 1674
35 3368
47 4114
68 4193
31 1168
245 1591
160 4005
241 3050
157 3812
299 3929
284 609
247 455
212 211
299 1718
97 584
220 2282
170 4040
256 476
294 3550
66 2345
69 2220
70 4214
63 528
32 408
179 2785
158 2802
307 3494
157 769
209 658
281 3310
186 1408
235 3582
154 88
31 2820
299 2907
178 3396
8 3531
164 7
242 2099
276 96
78 2441
24 1349
308 4232
55 2032
203 3694
267 606
190 3596
212 2820
187 598
118 2673
19 23
262 2619
282 2244
100 1015
273 1716
197 2481
58 3873
58 695
148 911
7 3080
262 851
117 1594
90 3263
194 769
241 599
182 492
42 1698
96 3470
56 3838
309 2293
34 2344
228 1382
122 3423
245 2326
149 152
154 3419
2 3606
160 3865
5 2709
93 1038
87 2247
70 4067
29 496
107 3432
156 1489
210 3605
22 401
263 2167
110 2681
297 2141
147 1035
134 1393
152 3533
54 533
21 3712
105 1943
193 2587
68 2007
24 74
70 1935
22 1587
114 3129
84 1440
200 1826
272 3882
11 3863
286 533
77 4230
85 4205
13 3906
121 2357
161 3230
35 2741
290 2155
240 1234
280 382
16 1800
111 3761
35 3195
67 3332
2 1722
236 3409
28 981
213 1618
270 2666
90 1374
300 2256
29 881
9 3301
285 1294
274 1161
297 2173
61 1641
110 1873
183 375
274 246
100 957
237 2192
311 1227
84 3657
307 4039
228 2053
55 2446
188 1206
172 1138
6 1620
35 509
256 2702
189 3989
92 3114
244 1604
223 1461
58 3354
85 3571
303 2036
73 700
97 3229
230 738
126 2886
152 398
218 1031
274 1389
170 3847
225 2323
221 136
162 3210
159 2924
251 2781
239 3517
292 2319
214 3089
91 167
157 621
243 4194
130 2357
92 3488
31 2994
83 169
142 1592
240 1878
234 4172
123 2206
301 2911
158 4066
243 1025
308 1454
50 3052
298 3254
187 3852
241 3616
153 2993
91 2126
102 3852
45 1353
302 61
148 4221
212 3949
262 2405
128 506
253 2415
37 2033
61 1725
121 1352
276 4062
276 1314
201 3971
30 4053
192 158
236 3748
164 3667
152 641
36 2591
180 1999
221 2003
56 3840
45 3819
1 140
132 2118
47 2357
88 3451
133 4191
216 1408
101 2378
179 851
116 2388
275 1026
309 2105
306 1219
277 2056
203 393
99 1276
23 2132
47 139
59 3323
188 1677
113 1756
310 871
260 3155
33 2565
60 4234
243 2545
186 1109
21 1951
48 2681
45 3162
108 1323
281 2033
61 902
31 3958
204 2063
286 352
34 1703
102 272
22 1906
11 1293
53 3907
165 501
140 1585
260 4004
192 2401
121 1365
160 3269
212 1148
67 1838
75 571
25 1234
248 3687
134 1213
282 3670
129 3025
216 4082
202 1886
136 2267
99 400
122 2783
109 2733
249 3456
258 3564
199 2852
252 1966
132 832
17 2066
279 2196
38 2030
86 878
150 964
294 2300
37 2193
252 2068
134 3919
279 1307
191 3994
13 3165
37 2432
6 3985
135 1821
143 4017
215 1968
14 3763
159 680
307 834
37 736
136 1716
247 1160
259 3236
14 278
169 3582
63 3463
258 1951
294 2127
258 814
230 4205
153 1479
27 2685
290 430
301 2709
167 3564
264 3707
146 2391
174 3652
108 4004
228 2760
259 3963
255 1576
154 2337
100 1065
259 1789
45 3335
164 1311
112 2026
227 3217
252 2771
267 3543
167 4107
290 2277
63 3816
51 634
149 413
160 4235
103 3587
264 410
39 1913
177 2886
276 132
26 222
296 1616
31 307
255 256
39 3049
45 2351
53 2365
201 472
268 1394
248 3790
105 2065
80 842
155 897
99 1122
73 1307
43 3258
248 2599
139 2178
65 549
233 3276
170 2566
249 2868
253 3580
12 2255
4 3349
88 1078
75 1620
14 2375
43 4020
300 1091
8 1175
269 2235
13 687
130 593
211 1065
181 1426
74 2737
163 722
147 2315
198 3357
67 4123
21 2465
24 3439
246 3080
247 2255
290 53
21 2329
165 3018
159 3970
303 1750
34 2427
45 652
47 2606
60 1560
134 4215
55 2170
106 462
306 2419
211 1421
85 201
184 2836
301 2630
89 544
93 671
234 2807
22 611
188 2855
13 1918
236 3949
92 1698
293 4137
69 828
293 854
45 1536
118 1368
225 4243
114 3452
97 2101
24 3671
15 2615
292 906
215 3765
203 3101
244 1553
239 3106
91 3895
235 3996
289 556
68 702
171 3626
26 170
137 1562
188 866
72 42
121 1236
151 3619
189 1416
126 2990
197 1693
12 307
108 832
270 4223
294 1798
191 1593
74 1571
181 2257
112 4239
106 2077
224 2547
180 2937
94 732
193 1091
192 3789
44 2077
46 125
213 1937
200 3393
7 1066
285 2456
240 998
87 3768
183 3314
42 12
207 2496
146 4206
306 1399
70 260
83 2784
310 915
4 3570
112 3629
305 4114
241 2798
136 873
231 2007
213 2866
250 4071
148 2944
282 2787
32 1853
191 570
157 90
23 1081
307 3442
181 104
170 3422
12 2080
301 563
311 96
108 3172
38 3260
143 1813
212 3749
255 3168
115 1168
291 2378
71 902
92 3184
106 4110
108 487
278 1969
45 605
73 2906
56 912
15 1127
259 2300
11 511
120 1613
119 3950
93 2378
56 2862
137 323
85 1896
272 2378
220 3579
203 1938
165 2317
284 2370
198 2303
42 3428
166 626
79 1745
281 2542
301 2461
153 319
241 2470
92 3890
288 103
61 904
39 3114
60 2720
261 607
217 3211
133 3918
265 850
165 1568
142 3770
14 3794
73 3688
137 3700
71 1228
152 4025
168 1879
259 1501
24 3709
311 3143
61 4098
301 832
72 979
294 778
35 2582
232 2927
275 2328
6 968
183 1710
84 3469
99 2966
98 3926
271 3248
272 163
293 3057
286 3572
108 4056
293 2276
214 1503
28 385
188 3774
237 1684
249 3217
83 153
257 3253
52 1106
114 109
187 3672
86 3496
301 4086
241 243
126 2414
99 2903
2 840
122 1522
67 2491
150 314
162 2124
269 292
10 3771
81 731
144 2093
253 3111
301 2094
104 1910
120 1450
193 3745
44 1109
194 1461
192 3661
198 3328
129 306
241 36
260 907
175 593
195 418
20 2397
64 2317
96 3124
116 960
231 489
18 4067
216 3409
180 1394
300 3613
64 2063
82 2277
268 3604
262 181
289 1969
308 3418
165 1819
66 2208
137 3609
4 688
66 4105
196 2552
35 2578
149 223
262 1605
228 289
309 3940
211 1216
46 2078
61 2364
64 3546
243 337
226 2789
20 471
253 1494
240 1592
69 1640
191 1161
230 2610
27 3933
154 2798
190 3844
297 3147
134 4110
131 449
280 2062
173 2048
119 583
308 3939
1 482
218 197
135 1575
189 915
115 2728
207 1716
107 562
39 3319
119 3595
166 3859
11 387
268 3327
291 2830
248 136
96 1497
221 150
242 3657
308 73
101 2792
252 793
181 622
145 3657
222 2809
157 2490
14 4101
300 3219
281 3255
29 787
296 3268
128 3600
181 711
309 3438
150 1660
129 2053
231 1786
106 269
75 2694
94 1038
300 678
71 1696
41 1315
43 1414
197 3334
275 3386
67 4050
132 2350
93 2108
9 2530
209 2983
85 4060
275 3328
73 3563
32 316
268 1919
123 1602
96 451
299 1638
48 384
303 3004
291 730
30 1298
291 3866
19 1898
81 3390
203 4066
106 2155
175 2529
288 4183
52 3204
135 1793
8 2121
98 3714
4 3256
243 2307
166 865
5 877
285 235
16 297
213 1617
155 1983
79 3092
230 642
222 434
163 2085
90 2894
79 4104
257 3929
185 1442
231 3457
128 3975
181 3979
259 4115
192 47
96 1731
74 2498
260 1300
127 3040
277 2435
185 2496
61 1480
74 3920
261 1196
137 177
47 847
128 129
49 948
128 464
206 1463
129 3492
126 3102
145 4078
182 2350
305 3016
256 2552
185 3646
52 2524
132 2512
308 3123
287 1046
123 874
40 1205
87 77
191 3369
211 236
64 1316
93 3740
282 1140
7 723
227 2412
288 540
263 3731
190 3901
189 3351
239 1724
286 4134
165 1408
41 2816
95 1623
221 1493
35 1938
46 3719
188 756
131 2403
185 3833
194 1056
66 2561
225 3259
28 3505
19 2235
83 3863
128 3988
14 675
37 3587
57 2616
40 2964
78 4100
11 2882
30 421
52 463
290 3614
288 2345
164 2350
282 938
180 2980
58 475
2 92
156 1649
239 3189
280 2095
105 4012
25 16
222 1332
223 544
102 422
293 2873
197 3139
176 1188
232 3441
220 776
71 1905
190 2689
258 2289
295 2280
216 678
195 3695
17 1518
32 540
199 1444
228 4085
206 1447
109 2112
40 926
30 3816
72 3625
151 2758
98 2382
15 2950
92 466
77 2501
76 1366
18 3276
151 1308
13 2201
76 3417
89 2769
21 1161
88 2768
37 2713
30 1795
195 1656
218 2541
74 3195
89 2512
139 1390
204 3282
139 1545
53 118
54 1121
138 3111
203 595
291 3528
271 1955
308 164
114 1053
209 3454
124 3382
127 3145
285 2492
148 3164
133 3552
214 3745
194 2611
207 3960
72 1934
203 4038
50 92
96 4206
28 1399
172 2989
73 3781
126 1105
152 3365
265 684
115 1561
137 2508
15 3019
125 758
129 3118
207 2357
31 2157
211 1918
90 1408
147 4113
273 2133
212 2406
87 3485
280 3843
189 3482
52 1379
30 1129
65 1802
161 278
2 2190
227 628
55 2547
215 3037
115 1870
188 2059
32 3130
222 2303
111 4225
133 3969
31 76
89 1005
209 1714
122 1547
195 731
230 939
207 3214
159 543
102 2352
10 169
308 3962
162 3951
173 287
101 1878
244 2208
208 2802
236 1197
186 1087
164 2003
78 676
185 3538
41 3031
186 2194
239 2387
240 644
235 2536
291 679
6 2525
8 1009
100 3096
177 723
232 2368
5 2154
91 841
36 250
227 61
55 3169
7 3474
262 2612
11 261
261 3016
293 1199
9 2692
167 3980
213 1190
136 3469
276 3668
159 2267
252 3194
199 3519
293 454
271 231
57 2562
75 3526
260 3847
257 1740
79 4180
12 68
126 947
47 3392
155 1142
26 3186
241 1781
282 644
87 1830
192 1905
308 4067
33 281
78 2064
77 3171
302 1395
182 1861
186 4101
311 2035
79 3894
4 1111
190 2485
292 120
287 3304
279 1203
105 1071
271 3722
305 3330
197 1174
7 109
296 2869
133 4160
168 1047
209 1740
302 2778
112 2361
235 2947
103 4236
52 3755
251 328
213 116
79 705
62 641
282 1737
20 195
279 2892
217 2380
135 4007
100 3917
262 914
252 3136
66 3393
221 2754
4 2993
262 1346
243 995
30 2392
171 1423
23 48
82 3058
145 3842
310 1063
288 781
64 2098
270 3176
120 3532
36 3179
291 1600
162 1131
190 1629
87 1317
64 2082
173 1810
65 2905
215 426
155 1244
266 1028
117 2014
222 3213
214 3806
200 1064
23 3895
304 4145
139 1333
110 3749
111 3881
41 2078
284 1397
174 3787
41 2646
66 4233
218 46
79 2952
30 2385
9 2368
244 4136
128 1945
85 278
181 121
195 220
196 1542
201 3494
162 2038
31 2717
139 3195
306 2211
118 358
134 3257
111 1591
224 87
150 2908
10 3862
141 2605
131 3506
265 1056
69 135
170 65
51 1699
294 419
87 199
257 4242
150 3334
232 2151
190 2265
65 2154
128 722
131 1247
291 3099
240 974
141 1718
162 2147
298 1671
311 4207
212 2231
251 81
82 2419
236 3195
230 246
34 461
296 2275
146 1484
155 236
210 166
244 1008
90 1296
120 3664
132 1010
111 1580
228 1319
95 3810
198 2490
87 2593
152 2233
225 715
22 550
72 550
83 1700
255 2110
51 2086
238 3981
29 2144
294 1475
299 2602
230 127
199 1531
298 237
165 135
74 3026
236 4088
136 1776
111 165
146 120
272 3083
125 3657
59 1600
113 3160
18 2707
164 2168
109 3908
10 3975
285 1013
210 2951
171 3858
125 119
95 3170
2 3787
225 564
72 133
13 2962
288 1037
73 2667
242 3563
208 691
255 3426
290 3715
92 2366
159 3061
186 2665
130 28
295 2995
202 2177
8 4172
39 3906
66 61
259 3031
9 2923
225 328
135 3496
106 413
161 2721
105 3660
210 3437
92 343
65 3715
291 3862
105 3773
112 33
6 3448
304 3380
142 1959
116 4162
34 1635
135 3143
252 2102
195 538
168 1878
108 3552
179 4206
233 715
61 1043
109 1380
226 3567
47 2943
119 3797
8 3054
110 2057
130 2446
207 3321
28 3630
26 1074
193 996
218 2441
197 3899
41 1888
255 2844
190 1874
73 2087
188 657
165 284
37 1919
253 4048
179 1029
140 1443
15 4196
32 3325
163 194
130 4217
302 1848
52 3957
28 1576
172 3940
176 3909
133 1312
59 1308
78 3606
14 2413
257 12
109 528
192 4193
305 3719
258 3841
14 346
255 1947
224 784
208 2401
264 760
167 2688
193 1368
112 365
204 54
228 2568
295 2582
121 3480
237 3625
186 3780
293 3568
144 1219
48 3495
241 562
157 261
2 2220
297 3628
204 4054
292 1
187 1475
102 2961
140 158
210 2970
304 2700
93 4182
111 3305
309 1067
46 2689
124 3976
130 95
133 3571
197 3219
261 3106
60 2281
20 1488
146 3605
7 1191
138 862
209 182
119 1858
105 439
30 2263
254 1869
195 2242
73 991
261 179
43 781
135 1073
46 3706
160 2183
41 1249
93 891
277 957
301 2440
156 3329
85 2674
207 3328
76 811
240 797
139 3368
306 3585
122 2735
298 2690
244 1186
99 1285
244 670
249 1413
82 1205
226 3189
100 1490
148 3376
278 1634
39 1399
46 2763
181 1809
72 1983
168 1500
310 2661
70 970
45 2909
167 2209
107 263
73 2238
112 1677
107 2825
233 3224
54 2408
107 1202
162 2435
9 1108
154 3840
9 3428
214 2239
52 1290
252 3195
77 4026
295 164
258 179
10 3857
101 3070
28 1712
276 2712
1 3510
190 537
211 535
66 1438
248 743
120 3151
305 2383
99 1430
134 2220
265 3878
127 2421
283 491
93 1606
13 3510
177 3720
45 3433
206 267
190 3555
266 1306
308 3345
133 1793
137 2480
193 4027
19 674
157 3425
76 3135
128 4074
83 2874
74 2394
192 2730
137 2208
184 449
16 2190
206 2350
203 3012
17 2392
113 2152
42 2872
130 3332
36 1490
173 2001
215 3411
233 1159
87 94
42 3803
69 634
124 754
244 3051
298 877
162 2292
192 407
233 3799
86 3413
173 4082
272 3464
221 1294
207 1833
274 365
296 4226
210 3819
68 4204
138 2077
198 2668
265 300
295 1306
272 4181
149 772
257 151
208 1322
217 272
145 2175
193 2456
212 2698
165 4236
82 3974
191 990
173 4192
229 3049
231 2887
19 1788
205 3329
198 2768
188 3352
68 428
17 3785
124 1702
137 4234
213 117
184 81
300 637
68 2400
16 450
79 3746
267 267
10 1493
307 2241
266 2797
77 2992
155 1642
152 2901
207 154
291 3547
187 825
267 727
164 4140
76 41
178 4222
281 1217
114 2052
272 4148
265 4132
297 2399
262 2902
227 3731
19 2948
233 1972
190 1915
35 4138
299 2946
39 875
303 3285
209 2805
212 2294
147 1517
310 720
281 4156
242 2953
127 1031
74 737
301 1908
82 898
283 2234
226 3085
115 74
193 4125
23 3962
250 1189
255 2977
93 2679
128 1168
110 2452
146 1780
252 1882
202 2554
38 1994
105 1259
236 3245
294 4138
122 3227
231 361
25 2418
166 3126
231 2709
134 3739
244 3323
51 2015
311 402
246 3458
210 1844
303 3858
59 2476
131 3464
152 3511
208 1000
192 1254
310 2680
216 3771
98 2903
65 3369
220 2978
310 2526
295 651
311 283
10 848
128 1673
187 856
286 1259
12 4194
264 902
23 163
279 3607
270 2938
73 1659
127 2210
105 2091
171 389
9 3809
296 1556
176 54
61 2231
295 3056
171 399
50 2566
52 1979
244 481
73 3271
278 250
92 2074
230 3117
193 520
81 462
231 596
147 253
259 3395
69 2495
3 1887
1 2902
96 1622
277 4064
60 1223
136 1095
161 813
73 2077
158 1188
259 2306
38 3680
111 2239
12 3268
145 941
228 392
93 1771
199 2125
263 17
148 3866
172 1797
30 980
274 3775
309 2803
284 3719
249 4223
234 144
53 340
85 421
228 3648
301 2370
112 3018
252 1304
113 3939
159 644
217 1500
63 1132
119 1879
81 2547
3 2575
57 1038
3 2033
3 2129
93 2436
152 2345
289 1377
297 4126
53 4162
295 1721
84 2862
99 1956
168 2710
142 2349
287 2124
94 3663
147 176
162 2486
310 888
165 475
247 665
257 1785
268 1324
41 2751
46 3605
68 1149
182 3293
233 1944
282 1987
64 1991
65 3782
51 4065
81 3997
266 3308
126 3601
244 3109
39 1893
146 1545
98 1862
268 3662
145 2782
37 3170
148 1422
97 2861
109 1894
76 2907
290 1138
273 1573
265 3902
125 2654
304 2877
310 3603
68 4245
248 528
198 2833
107 324
149 1077
295 804
123 607
114 4122
244 1888
54 899
188 3527
139 1205
103 297
145 2953
40 2782
140 440
100 2363
47 2917
261 3773
293 1756
26 3700
56 1268
177 2488
139 3705
285 1808
221 1031
55 3805
190 546
178 1763
31 3574
229 4201
247 3558
148 1291
132 1580
232 3354
134 2584
75 3466
187 2127
114 3965
258 2497
296 3932
245 2279
65 1954
124 3843
203 4122
49 3086
191 528
27 822
30 3896
251 3989
151 519
182 1309
133 1265
218 1466
188 3973
273 3201
173 2816
245 2681
212 4014
113 1863
5 3595
138 2925
222 3031
124 900
309 2306
173 1432
286 350
239 222
84 1227
290 1160
113 1523
142 3600
122 2307
21 1200
269 4102
176 3106
111 2373
208 1206
24 2866
255 2754
206 2498
48 41
229 2976
52 600
118 773
275 1462
224 2257
16 1670
90 400
283 1721
59 229
95 2645
210 3076
73 4136
40 618
178 1349
221 2719
298 3036
221 535
19 2946
226 2486
89 1910
215 3378
30 3030
34 4171
178 1217
139 2643
156 929
185 3703
247 3133
296 4229
28 622
151 410
8 2949
91 3470
280 3117
140 736
44 3792
30 715
271 108
123 3756
179 599
124 2040
202 2559
186 3331
295 2165
298 3292
180 370
243 52
6 1054
96 2912
46 2312
224 1351
90 2487
52 1360
150 414
306 4087
242 1398
86 1763
225 2077
311 2029
171 1422
102 482
220 1901
168 2566
258 4146
19 3992
162 2487
244 3694
12 3257
196 4199
199 3534
247 916
242 171
304 75
275 1807
103 3957
41 1282
23 1712
251 2701
291 2027
155 1029
91 463
190 2347
290 4074
165 1841
221 1670
96 763
276 4150
81 3984
115 4107
235 836
66 2351
5 3155
28 4170
76 263
149 2024
260 4124
235 3267
101 1472
108 3875
233 2503
135 1798
21 1065
144 2933
236 1962
197 2337
309 348
174 64
167 3420
98 2644
36 1673
308 2073
59 2970
276 2267
189 3066
297 2519
116 1721
205 3849
68 274
238 383
181 727
205 3813
151 1515
57 701
280 4247
124 3233
285 2432
61 3494
105 2584
111 3496
72 3526
289 1569
288 3345
63 2615
44 43
260 2766
262 2380
132 3839
89 1509
162 1604
45 4088
163 2753
144 1520
262 51
9 2117
168 2784
27 1673
121 546
65 2039
21 482
275 312
5 3910
6 3136
243 4083
2 755
281 1357
263 170
67 3279
97 923
135 413
138 3482
236 3026
233 3058
307 126
124 3154
274 3076
227 1671
157 1506
53 2482
141 1698
297 1359
114 1431
75 975
147 879
177 1297
98 417
184 861
3 953
293 131
289 1207
102 231
198 2842
61 1859
139 1735
257 104
222 2556
287 1593
90 223
287 1886
134 3431
43 3789
305 2985
163 344
113 1326
275 2490
9 3654
216 3175
203 3192
87 3092
177 235
18 80
112 3537
230 2401
285 490
268 4179
259 3358
61 2395
261 3875
187 3646
17 2985
13 2264
37 94
279 1130
221 339
161 4169
206 1315
232 1629
79 680
45 1739
225 1532
280 1519
259 2065
276 3191
123 3152
176 1801
62 3921
74 2463
129 1544
129 1433
22 1194
214 3207
249 1573
156 1365
192 1546
204 3253
272 1612
235 1319
250 259
23 3820
87 3540
234 3182
234 2193
265 446
12 924
127 4238
196 2191
308 551
27 2584
179 3828
139 74
160 351
167 311
227 1812
155 2330
55 1291
162 1785
170 641
260 2648
208 3966
183 2323
67 3995
146 735
46 3095
82 1852
56 2735
84 4156
269 3934
270 3437
309 1129
287 4040
225 1881
54 4190
152 295
270 2334
120 16
156 1237
118 576
142 966
36 3934
52 4203
270 1645
59 3490
155 2934
156 133
213 485
266 1221
2 3034
138 1501
115 948
267 31
171 1101
206 1607
148 976
195 492
177 985
185 339
296 2271
122 2670
119 3939
191 523
218 674
31 1201
135 2551
255 4036
85 694
73 3539
204 1136
284 1184
256 2439
287 1282
299 2327
55 4179
199 451
108 3902
224 2431
194 919
86 770
245 4071
219 2120
160 289
139 1080
239 2937
265 3609
283 2566
169 1636
1 3281
62 2610
149 2107
303 702
15 2289
135 791
11 3923
190 3342
272 44
99 2806
128 152
105 321
95 1477
145 1586
264 916
206 2288
273 3789
158 3447
78 2168
194 889
288 1313
180 1016
16 1188
243 3743
146 2037
245 106
44 1300
9 3108
38 3787
116 645
103 667
4 4245
303 2136
217 2098
106 468
43 1954
223 2589
309 974
158 273
242 2059
146 915
220 1089
222 3267
196 2456
137 3416
287 3259
243 1587
280 887
303 1646
192 558
29 2512
105 329
147 1273
277 2062
248 420
23 4110
233 65
282 821
171 3421
151 1578
203 2836
223 1063
303 2752
35 4149
156 610
158 1709
227 544
45 232
168 1708
7 3884
305 2715
86 2401
127 3517
244 3231
110 2970
165 3822
302 1286
196 291
30 3813
58 1370
25 3612
287 2590
135 389
249 2190
37 4078
262 2273
58 1783
161 1982
33 3064
29 4006
106 977
210 130
215 788
92 289
271 1556
192 2639
31 1832
118 1895
252 3418
201 165
284 2718
194 2219
236 3559
202 1615
92 758
290 1859
246 2455
107 1844
304 3356
4 1031
232 1641
206 367
84 2434
109 998
221 290
86 3716
275 12
302 1081
141 535
162 771
18 54
33 323
99 700
298 4091
253 1776
49 643
309 2504
262 2964
52 3425
159 2099
217 2208
49 2385
262 2853
170 1895
197 1804
35 3669
228 3446
283 2107
54 2583
81 914
54 2661
174 1376
124 446
225 1368
259 3080
182 547
123 310
52 122
201 4071
197 588
202 4005
175 459
269 512
70 2401
80 3792
300 1559
233 257
2 3715
156 2616
253 1165
230 2365
19 5
241 42
191 502
297 3902
128 1697
13 323
182 3986
168 1431
266 2277
65 3026
269 1014
40 3066
3 1541
57 2689
169 2465
265 4215
211 818
123 3634
234 2548
279 580
163 1425
230 1781
170 3333
213 3658
63 827
129 4100
279 3166
130 3351
117 1563
203 1776
192 3526
284 1099
48 754
71 1194
180 3862
265 3979
281 2311
181 3799
91 3322
171 3641
227 1453
86 1987
301 1838
78 1390
107 3641
123 691
83 848
261 3800
133 2212
5 1641
34 281
226 663
37 3782
61 4079
269 4148
70 3913
159 3092
153 3135
233 843
152 2116
188 3355
13 387
123 3295
176 260
269 4059
117 2197
266 2826
126 2202
4 2911
120 1381
135 723
161 3457
207 2216
185 3951
68 1374
163 178
15 3270
304 4079
198 3365
25 429
260 2110
229 123
66 4175
85 2258
44 3522
181 2410
2 2986
63 2888
265 2543
308 2002
134 736
252 905
239 2981
30 793
215 2738
283 3225
278 355
287 3388
93 3590
184 1794
237 360
245 3168
30 1742
150 3181
4 2725
158 2588
143 1489
126 2201
103 2061
258 1517
192 663
118 1456
249 3837
41 1991
11 2696
64 2904
209 3396
256 226
192 1027
51 3170
70 820
42 2514
111 2726
152 2981
119 2464
35 1204
227 257
288 948
177 36
152 3968
34 2795
286 2722
117 4135
306 3155
107 2278
4 2494
31 3582
143 908
200 3349
80 950
295 1261
7 310
21 3156
142 2597
164 1220
35 2853
254 1319
22 3574
12 1827
276 1988
54 2640
120 2401
188 2768
93 1660
246 1084
267 4185
51 1553
260 356
133 4012
290 2194
285 4173
236 1979
177 3739
85 693
35 3507
243 2623
130 238
170 2039
115 832
131 2136
249 4015
158 523
229 2200
146 1783
281 670
192 2708
34 904
15 1117
169 3660
1 656
261 1775
226 1439
298 3070
159 2501
126 2835
93 93
266 2362
297 1951
180 865
252 4020
66 410
243 1872
36 3054
183 3082
258 1265
108 603
114 293
41 717
50 2509
195 1704
220 1424
130 3030
139 1130
197 3629
55 4042
124 868
209 1161
256 2979
173 3329
61 3007
85 848
39 3680
294 1388
218 3539
261 3182
121 1205
241 1921
248 405
302 2383
294 2404
62 364
251 1704
275 4061
225 75
281 3099
48 344
219 429
295 3642
96 3684
298 4080
291 3638
173 973
156 3284
310 3079
232 3655
131 3473
192 3398
208 797
215 2572
31 110
238 3997
310 2833
119 4175
206 402
66 1614
26 2659
147 3603
301 675
61 2907
122 2918
271 1404
77 4110
149 1606
252 2799
50 3308
82 124
4 2384
267 1157
192 1980
7 4032
15 1290
263 4161
86 1191
125 3696
204 3406
24 4201
270 743
78 3432
288 179
179 1139
145 972
101 1268
213 2369
277 481
259 1514
159 3237
30 2926
170 2310
204 4
135 2974
201 2468
107 341
118 1549
117 48
230 2217
259 1892
88 3043
266 1342
55 2176
260 1883
228 1716
192 3295
70 964
44 1201
145 896
148 3552
302 1319
131 2655
27 1550
129 184
253 2523
109 3746
310 1599
221 789
33 2977
136 2624
298 4029
161 997
1 375
182 2040
8 4205
211 2573
240 3697
52 236
31 988
130 2129
61 3995
267 2749
50 1697
126 1336
262 2547
187 3968
148 3399
74 2283
265 2110
130 1414
194 1474
84 3842
155 2589
49 2195
252 2986
44 618
260 3305
269 2828
251 3497
197 628
237 470
146 1450
108 379
175 658
28 3903
262 3717
63 960
108 52
90 2409
190 3063
270 2140
61 1867
272 907
117 3236
295 479
173 1250
278 2902
196 2073
124 1299
285 2026
24 3295
45 1592
103 3018
179 94
117 2494
127 3038
85 90
145 3350
126 646
261 3181
89 3348
101 34
241 2866
24 3043
122 4195
183 2965
67 3046
44 954
59 521
34 1800
26 1617
229 736
200 161
140 733
69 3114
22 1296
168 3888
83 3703
192 2205
191 2025
245 2277
82 2722
176 2085
300 861
280 1744
70 2368
78 3131
185 646
182 1761
115 4090
7 1862
118 2988
187 2937
129 1695
96 3065
221 3047
254 1833
280 830
35 758
224 2591
111 1934
33 1399
121 1855
160 222
58 3484
185 2838
181 2255
294 3124
213 1967
127 2354
264 2293
62 26
95 2960
61 2724
25 2154
245 2101
128 1687
20 2226
274 781
9 399
107 1363
13 2178
150 2497
35 1961
69 379
96 1104
153 2565
28 2456
234 724
205 1875
68 2985
271 1776
30 518
42 3674
296 470
214 3222
263 812
20 2526
174 1834
159 2198
18 989
160 4226
234 2189
247 3693
24 510
172 931
56 2585
267 1865
80 2142
225 502
227 4109
224 2821
284 1740
133 389
138 4004
292 1378
109 3831
243 3625
215 322
23 2462
122 3756
228 1844
43 1992
123 1514
303 183
210 3761
47 2205
84 4016
251 1772
33 2075
262 3385
131 2923
165 366
82 1787
92 2311
300 649
113 527
116 3405
108 252
94 628
76 2022
151 3417
293 2955
223 4203
21 3538
289 1734
46 2299
131 3412
91 1031
10 3002
53 3599
110 4143
205 2472
305 691
174 3398
265 3694
68 499
184 1882
238 2652
75 1318
185 1990
231 2332
182 1962
77 638
189 2319
263 3801
9 934
301 1306
39 4241
186 33
28 2108
23 3607
186 1634
225 2257
238 957
38 3499
293 1943
189 3583
39 233
77 210
48 1341
237 3526
238 916
243 3449
268 1663
77 188
28 237
256 4087
268 3691
109 1597
18 2356
206 4056
149 1357
233 2909
233 3872
105 535
307 1298
200 4070
303 275
246 1279
153 252
181 2085
292 2794
106 3369
263 1697
112 72
209 1784
93 3032
249 803
91 2986
67 2463
48 1041
231 2059
139 1113
100 1498
17 2446
299 959
87 2509
14 351
163 1974
207 2605
92 3524
20 3180
79 761
271 1247
39 2436
49 378
132 544
116 2580
134 2649
246 204
15 847
172 3703
294 831
111 2419
224 2005
38 1963
27 3446
282 3571
138 1838
53 4154
177 389
93 3157
289 1902
57 3021
71 3806
129 1715
93 4161
220 2152
72 3578
131 1322
191 851
30 1819
100 1628
269 2801
202 1487
128 3418
116 817
127 201
224 4002
36 4058
113 289
102 4003
251 996
60 3239
69 2327
180 1445
230 2021
111 733
219 2258
171 3732
153 2474
50 2408
116 4218
8 2563
287 3222
247 3894
32 821
205 1942
23 3400
176 2794
157 859
230 1546
31 3650
308 3854
160 355
160 1237
72 416
159 1964
92 354
245 2551
293 1113
49 969
208 2232
9 402
125 3555
67 862
201 2794
103 3971
74 1428
38 2533
190 3241
71 4080
233 3099
295 3688
162 2008
33 2754
52 2493
204 485
100 680
6 3019
159 2124
63 1394
158 1050
27 814
301 2754
197 3222
234 1211
46 1511
231 3487
113 3084
254 239
199 2161
50 3871
73 1722
235 2291
280 4227
107 3625
78 3028
260 361
163 2399
79 1222
240 2549
224 3965
45 3459
310 2081
106 111
92 1267
163 2072
284 3961
229 3715
185 1024
233 1372
43 2521
152 514
33 2011
239 2665
270 3153
266 198
291 3597
228 328
96 4181
174 3059
310 3497
272 2814
58 97
95 2367
212 1124
299 2156
9 1199
62 1147
170 296
293 888
44 1524
175 3587
32 2217
183 2848
101 1526
250 2045
283 2323
65 1599
206 3657
74 932
210 1852
113 1122
90 1723
201 3477
60 2229
79 567
219 154
277 1936
168 2623
246 2947
53 2705
134 3557
71 751
29 3779
38 1266
57 376
242 158
97 3355
286 1747
106 1770
74 3277
188 3970
289 4146
110 2382
205 3269
116 1179
256 2319
162 3435
296 1559
8 2206
297 3388
264 423
213 3913
238 4084
70 1869
255 1000
284 1155
185 1561
111 2509
12 2951
66 3359
259 1900
241 560
208 781
229 2727
4 2844
96 2545
72 3158
268 840
9 2476
298 1280
21 920
54 1346
158 3515
200 452
292 413
275 2912
200 2150
277 3079
241 4068
168 157
33 1304
207 1237
182 3414
62 3223
264 3079
26 1916
180 1740
27 1313
91 2479
76 29
272 1823
285 2764
125 3674
22 577
145 2355
125 1679
179 3993
3 3950
164 2098
100 3625
182 2110
213 160
72 160
276 1436
108 2721
15 4241
133 3905
137 3529
4 1761
97 763
159 3998
292 3721
292 1016
275 298
166 935
209 3389
64 2632
42 1364
40 1707
122 272
237 3187
169 1139
153 2165
58 1982
11 1271
257 2566
151 1510
4 1635
179 2690
215 3666
237 3181
191 485
185 3654
237 458
306 1916
21 2232
32 2514
63 780
57 1004
111 3495
204 4096
132 3300
74 1415
20 35
175 2940
196 261
280 15
10 3995
236 3041
205 364
204 524
50 1797
102 3233
42 4148
283 896
277 2894
260 2050
284 1365
8 1186
146 605
256 3480
197 1966
131 163
77 120
238 2408
43 718
71 3802
109 2023
265 3409
3 2180
2 4110
224 3109
178 3050
86 1745
170 4095
10 4091
160 345
200 2588
252 827
61 1346
213 2270
181 550
262 2706
199 1985
11 2611
192 1811
258 2686
22 2625
174 1361
18 949
289 2615
301 3280
168 640
229 2311
210 3235
43 2363
5 339
23 655
42 690
137 2250
97 818
303 1443
93 2083
302 1186
70 2683
65 711
266 1877
160 208
36 618
205 64
35 2287
65 2806
288 848
268 575
283 754
62 2149
296 2503
38 1553
166 484
257 3940
227 3116
233 1469
296 458
295 3066
234 1045
303 3776
135 4175
213 2782
145 413
179 3342
127 2136
195 2416
170 2848
268 3497
80 736
274 1147
273 207
137 4130
150 4154
63 3139
73 2536
259 353
49 796
212 694
310 2121
103 3501
85 2321
154 1839
261 937
25 1528
205 4237
240 848
155 2603
125 865
47 2691
241 1874
25 2261
95 194
94 3527
76 1659
67 1664
57 1393
29 3766
303 2504
165 676
89 2565
49 869
13 2477
87 3655
89 4085
242 2752
104 1986
168 1915
132 1077
209 171
132 4156
287 3852
247 2504
45 157
69 656
254 1717
217 910
12 878
252 2948
35 3108
38 1776
275 1388
123 3748
92 2051
149 218
42 1719
156 866
302 1525
110 3325
147 2933
218 2027
18 1774
207 3702
141 4067
104 1968
192 4246
92 3849
295 3842
1 3583
93 2125
215 530
236 2182
115 4236
283 252
105 1320
189 2195
222 3966
1 1295
230 3329
242 1680
106 3552
263 227
17 2254
79 2327
181 86
256 2656
126 2921
108 3504
286 756
186 3547
129 1173
209 1384
26 2087
184 1346
55 1280
6 2071
23 976
63 1604
263 3278
37 3016
134 669
192 1218
252 1230
131 3544
263 4091
250 842
97 2975
247 412
237 974
24 3307
8 1840
9 2996
147 2080
4 2668
101 1983
51 1266
74 3474
103 3948
177 1151
257 939
118 1906
97 3297
78 6
95 4159
261 2230
302 4188
135 3700
257 1537
167 2073
270 1694
128 96
109 1266
40 819
49 1162
78 3327
15 1657
92 686
91 179
15 1666
262 3311
302 151
166 3042
278 3516
295 3845
152 3916
201 4
23 1154
156 3183
186 3551
85 3294
38 3505
310 2385
278 4165
35 1113
56 3611
133 3312
235 1372
188 376
177 100
4 2867
223 2757
54 2473
281 2624
198 1219
175 404
153 2250
227 3188
272 1233
241 2138
308 3360
256 4088
149 1315
40 837
232 1563
96 2162
129 2062
190 1459
42 528
129 2310
176 546
91 4240
273 4127
226 3465
99 2983
35 3479
182 2288
16 1829
54 784
114 1245
188 2981
249 3261
31 2913
48 307
270 1220
294 2419
229 90
43 2607
121 2380
74 84
150 2019
143 2018
86 3663
137 1333
308 2338
241 3457
82 3121
137 366
197 3109
269 2594
238 343
74 4144
302 3971
34 4048
109 3921
151 3996
204 3624
157 812
13 3538
273 1722
43 828
47 1776
118 2861
114 3992
50 3106
300 1932
78 2672
56 289
5 1343
268 1689
56 1350
207 2842
168 2530
160 3456
228 3376
88 1274
142 1697
305 2113
161 491
236 648
81 2519
70 3587
42 2506
197 3234
264 2082
236 2055
56 1180
196 2396
270 2385
258 2746
135 2162
65 3164
156 4074
262 2452
74 1269
201 1363
53 3864
113 435
138 627
128 2992
233 2275
303 3203
297 3029
64 3989
192 1566
55 3184
154 295
223 3057
178 1889
88 3152
60 1473
72 901
261 281
189 1908
142 3088
295 808
104 970
106 2874
76 4160
198 1295
297 690
242 128
139 999
228 132
21 3658
114 2664
211 1853
212 2782
33 2785
3 2791
111 287
301 1848
72 2205
114 1095
167 180
82 4154
211 3534
230 1398
108 986
127 312
155 907
288 2781
185 2398
279 3037
177 2807
186 897
153 1119
266 2949
201 919
138 2735
46 1205
38 622
261 1300
37 460
270 2723
117 3650
163 1167
73 1894
243 1794
147 2317
124 371
37 2175
189 3951
164 458
124 3882
159 3689
110 174
112 82
252 303
3 1077
289 815
217 1808
252 4026
89 4232
127 3123
233 1125
81 2359
90 1478
94 1424
114 3283
158 2421
87 2274
237 3120
275 4050
196 2594
92 2103
150 3197
153 3500
265 480
24 4238
15 1732
279 1378
86 3441
16 1627
169 1312
169 2730
230 829
111 1313
123 3458
109 1981
194 1517
201 1738
173 2602
307 228
129 854
11 92
295 827
221 2310
53 3833
95 2644
143 1247
129 330
144 3953
70 4148
120 748
33 1154
230 4135
267 1923
140 4200
143 1078
216 241
264 4212
145 1397
5 3486
136 3995
21 4054
109 4169
37 1215
251 2617
51 1476
195 2780
123 2705
93 2403
236 1086
242 1264
98 875
101 470
31 1619
69 4001
29 2759
286 4090
285 3057
122 2394
247 2566
193 2219
37 3087
243 3130
4 3994
180 1398
161 3164
67 4136
220 700
58 2197
38 2850
301 1389
199 946
86 671
236 1228
231 18
143 4035
179 419
98 2754
266 2994
114 3883
271 2784
25 3779
243 3219
257 2429
133 1536
59 4067
129 353
65 189
14 3931
146 3225
264 901
227 406
54 2765
12 2729
31 1166
26 2737
301 2524
33 3920
160 3547
85 1639
28 1036
300 62
289 4173
95 3637
38 2633
233 2637
58 2811
19 334
101 2372
149 303
59 1375
131 36
252 2994
85 2857
96 1818
230 3113
232 2801
40 1263
116 2602
116 2350
122 522
134 846
225 33
40 123
239 3452
187 4195
148 330
31 752
232 577
154 1628
92 2214
219 712
240 1942
199 2001
1 2405
196 2174
77 1561
218 1417
125 1783
278 2392
152 553
266 2420
255 2096
245 4082
83 128
278 656
252 2882
204 2568
273 354
228 4231
308 4048
284 3607
113 2472
110 539
214 3700
74 3042
241 1099
99 1676
277 3115
282 2930
131 3621
146 3666
203 3689
207 1413
293 3452
64 2656
96 2385
175 2500
91 1003
60 3287
12 1129
275 3298
115 2031
264 2308
52 1066
269 130
102 1166
213 943
214 2960
92 4015
49 3446
293 2011
45 219
155 3581
190 1447
196 1283
294 286
243 2120
30 3174
256 3183
200 946
11 2083
261 470
300 1289
257 2397
172 4051
137 3736
114 2310
175 973
285 2722
91 522
89 908
277 1589
267 2192
56 1738
273 2117
130 2392
144 1800
192 2899
52 3068
294 2346
42 1479
93 4131
272 2401
178 3868
259 2170
130 3867
103 4188
97 3044
291 1655
264 2333
180 1595
264 3787
77 1201
20 3718
279 3144
201 3650
309 2519
130 425
261 2762
252 3464
133 2006
123 112
186 3532
311 2180
134 601
8 1971
201 3232
192 2001
223 78
231 3962
141 1121
35 108
277 4109
108 2111
61 2301
236 4178
128 178
35 950
213 3808
43 2753
73 1455
98 1888
215 3169
128 2308
174 2647
222 1179
107 112
223 484
305 3361
40 3476
145 688
211 3793
311 1476
270 2584
196 2779
303 3361
253 2865
167 3690
93 1448
117 902
255 1437
172 1096
218 2336
271 826
117 949
238 56
169 2797
135 4066
94 1565
217 350
150 3486
252 4225
47 2720
83 3324
5 3224
210 3471
190 382
31 3214
263 2321
269 2564
51 602
4 4087
276 2854
272 755
52 197
127 3438
81 3371
93 1901
238 2112
216 4150
121 813
275 3545
145 1311
94 3812
18 1178
52 3483
189 3664
11 451
130 3860
293 3312
213 3085
304 20
115 1940
307 3714
222 3532
50 4230
204 1554
281 869
227 1225
157 1533
286 1122
206 944
96 2432
302 4008
51 3139
43 1562
222 1940
40 2651
172 1752
41 3890
122 4088
124 2963
70 36
114 2730
286 927
275 2419
28 2879
102 3629
103 1923
181 77
230 1127
95 2249
142 2654
281 2807
211 163
280 3341
207 3898
306 2650
243 1131
203 4054
96 2763
120 3582
203 1378
175 3362
124 1721
38 2047
285 1269
213 3825
22 734
90 675
23 3232
280 263
147 111
271 1324
289 3871
135 1412
212 2977
289 1732
171 1411
165 1691
196 2599
42 6
289 3199
235 380
280 443
81 2172
260 3596
12 719
69 4075
236 228
147 2162
19 4012
260 2769
72 1709
62 3085
