1227 4187
1912
449 1244
280 1470
210 2616
1097 1205
700 2869
1056 3481
1029 3558
432 1188
868 325
720 35
109 245
579 51
199 2186
651 2732
359 2642
674 4134
399 4152
126 772
234 149
169 3402
945 3077
174 2268
472 2942
241 1625
299 3262
548 2692
556 2416
206 1027
497 721
11 1160
427 3116
575 2737
1160 3635
827 2420
22 1650
845 2893
331 619
777 2305
1122 2061
830 1300
375 201
474 4040
490 3934
145 3757
230 4081
1038 3531
593 301
128 2573
932 1619
1148 2564
1034 1372
150 2066
147 4062
1072 2827
324 693
156 407
1174 4123
348 766
989 1852
546 502
59 3342
56 3068
364 1334
263 3383
238 3268
224 3536
1153 4002
294 324
1048 19
140 1151
759 2458
591 1494
114 4023
400 3213
143 1064
252 1503
164 299
38 1306
690 3937
852 2888
967 1350
496 4096
1191 2517
1131 1039
462 291
925 2002
1043 1943
210 3504
341 739
716 2558
1001 2453
832 3096
899 3171
489 604
1149 1289
686 1679
98 2768
261 908
252 1580
848 2276
285 408
345 222
353 603
647 146
241 1119
760 2959
135 2177
603 2867
887 866
74 3882
1209 1217
1157 3126
793 993
658 4071
73 880
304 316
619 826
799 4089
1054 3114
288 230
974 1826
217 2261
256 1294
496 3310
936 1891
1037 1438
547 366
601 1250
175 2251
129 3491
1203 3767
543 2811
919 3549
512 1374
558 1399
841 2113
711 3994
649 4036
356 1662
123 2144
1107 110
217 3598
875 1246
77 2625
747 2950
1064 2429
576 44
776 3192
1018 544
109 1092
159 1351
670 2032
1133 841
49 2292
856 1134
434 2779
491 2034
581 3913
206 3171
706 3258
858 3836
890 2983
542 4183
1024 75
462 2327
1042 263
547 701
756 4125
590 2547
1198 28
735 823
29 3250
1079 3235
394 733
361 2291
1183 2037
633 1644
194 3145
312 516
14 1482
1213 3661
399 3508
1127 873
450 251
456 3197
412 3181
1201 2878
33 495
70 4016
445 4055
644 3026
192 4055
605 3222
607 282
1017 3828
66 1084
467 3152
474 3946
1118 2551
101 3237
490 2363
476 836
121 4041
293 3340
336 2738
1040 2828
76 536
1081 534
628 3635
741 3892
680 4034
42 1096
115 110
833 2404
1108 3013
1139 95
203 1774
939 3078
321 1962
481 663
792 3397
237 3054
1167 2272
892 764
974 3697
383 3939
495 140
779 1855
704 2402
236 1971
1217 2854
815 2473
245 3481
88 2740
138 2614
342 2437
219 2946
500 3494
817 403
993 1940
1138 675
306 2355
184 4131
223 2820
310 4046
531 1540
883 2420
990 3550
676 1350
1018 1182
1133 1075
521 2499
950 253
708 33
975 641
659 1898
198 3498
326 32
1037 1898
82 1467
1225 2132
774 2339
699 3914
552 968
788 564
828 2535
315 976
882 1971
773 391
860 4163
268 3359
457 2746
1217 3781
942 1262
1139 2005
53 837
327 1934
757 480
997 2660
678 907
828 765
976 3671
144 2229
240 1947
663 3565
956 2666
856 763
865 875
474 324
606 4126
1132 2980
1223 3570
159 1362
777 3480
837 1198
632 3389
151 517
781 1218
716 3980
827 3754
530 768
971 3214
509 3365
120 597
313 3084
683 1582
1212 2009
1088 3600
850 909
633 4097
713 1444
1153 2475
774 3587
859 1188
989 4129
315 3307
457 2139
345 3798
478 2510
239 2619
1209 4182
1201 1823
964 2541
418 320
212 1333
863 1027
1041 1114
926 2233
361 3516
939 3019
380 2913
993 4087
961 3106
423 3760
551 2804
1189 3376
853 3492
176 1601
480 2172
51 2447
917 3390
266 1265
1166 2851
1213 732
1180 3883
633 3994
732 1989
558 3068
709 2874
373 4105
352 380
1099 69
327 2127
177 98
375 3785
186 63
756 1998
13 2878
118 1175
319 3222
214 98
247 3896
819 3758
197 878
64 895
176 1830
469 3502
829 1287
233 2862
1184 2524
802 3142
1018 878
41 1981
1023 3403
1167 1566
957 3393
103 2815
222 3502
548 4179
79 2989
460 1162
899 2023
1195 1519
252 2291
182 3054
157 398
645 3511
29 919
676 2711
1078 1871
882 1898
1148 1110
237 1722
1133 2586
1150 1793
538 1130
1047 2857
55 3000
490 351
727 3358
536 2900
1116 1113
391 291
986 3056
525 1991
677 1170
884 3504
508 1884
603 4127
601 146
978 4170
766 3019
860 783
511 305
630 3152
908 371
495 943
813 1616
638 1378
802 2148
356 1535
800 499
513 890
685 4129
175 3894
185 484
755 2501
888 3675
1205 1361
684 87
257 3046
190 2533
970 240
1067 2584
1176 2961
1176 3153
378 3636
43 2132
569 2372
245 572
96 3636
907 621
556 3897
5 407
846 3455
372 216
967 3940
139 1907
351 3076
265 3577
170 2291
865 2504
33 845
1044 1956
506 710
438 2789
1001 2955
1052 2200
107 1258
264 152
160 1300
324 1908
1052 2073
821 1796
502 1184
1012 2694
792 3196
1112 738
524 3683
375 979
70 4143
78 2465
212 3785
985 2865
1223 2878
820 3683
678 3225
687 422
228 3227
661 2208
446 1879
508 899
1060 2279
407 253
386 1740
910 2434
234 969
881 1835
731 2716
771 545
252 3716
34 2555
1187 3362
458 927
783 1721
590 950
675 1660
675 621
167 950
520 3440
471 2025
1150 941
528 3558
507 4124
967 3273
955 2397
339 3432
853 732
174 3655
679 5
16 2427
646 1948
751 36
577 2202
924 3550
1214 729
1088 1709
720 4187
914 3985
888 2174
23 1227
853 1083
704 290
1070 2177
666 648
456 2783
178 1741
856 332
509 1512
825 2509
648 2304
154 2491
513 2584
362 755
771 1663
398 825
256 2856
504 374
123 2494
771 696
555 2532
480 1763
532 2811
881 701
620 3470
115 992
1178 3690
297 1273
397 3586
1030 2010
98 631
1159 3886
360 2907
1072 1807
490 2262
256 4135
821 1613
562 694
885 1549
197 3830
1021 3387
356 1600
249 2708
539 3270
494 4162
1222 2049
362 1120
507 501
833 1739
903 3942
463 537
890 3171
399 2921
2 2232
20 373
1177 1963
18 154
1165 3898
719 169
1076 2689
196 1036
999 1769
531 1773
590 4085
1161 393
664 3425
578 160
791 504
87 3792
216 1241
19 3664
83 795
1068 310
239 3100
1174 720
683 2397
208 2790
759 2054
508 812
965 2819
303 3175
157 1739
521 419
286 644
413 859
628 3938
459 4077
132 2051
1042 1069
1193 520
569 3834
447 3205
983 79
983 2311
285 2080
711 1109
1028 2795
215 1805
699 2125
861 1057
95 557
788 3599
293 136
937 2578
209 1528
739 3309
90 3574
1150 1163
145 2850
526 2557
309 2566
409 2540
527 3829
523 1827
1184 2710
1059 2493
812 3480
1035 1329
859 2681
799 368
122 3593
571 718
126 359
245 1925
1136 1849
363 1701
627 1149
874 1049
849 1320
584 1917
9 3668
1021 4098
733 3025
720 247
51 1319
950 1289
165 461
341 4029
868 3974
129 2274
533 158
735 1019
890 3899
1040 2667
748 1344
1057 3506
303 2380
598 1260
813 4110
762 224
349 294
1122 247
89 1597
1032 1477
525 3827
581 3283
946 2134
1206 4117
16 4141
16 2036
59 1249
1172 2931
677 318
280 2928
1226 2881
747 546
599 103
1069 2198
159 3100
533 2761
909 3786
691 1416
461 584
828 1120
222 2063
1157 2787
109 1139
442 455
711 3413
672 3774
943 476
1134 2207
297 173
877 374
295 4149
221 2704
897 2704
846 2229
106 2481
576 670
442 893
622 2151
869 3256
1098 365
831 2974
296 332
576 371
564 98
505 1803
464 1849
716 3242
542 2713
872 2151
569 3341
133 213
334 1092
1178 848
212 2258
667 3338
686 227
221 3455
216 2048
1036 943
542 1798
1073 2458
410 1891
1125 2667
1159 3697
870 796
846 1789
458 3313
191 4052
1194 2786
26 3781
241 3539
526 2086
716 4152
586 1394
1085 1816
77 2133
478 765
1094 3426
974 783
940 317
1120 1864
501 1273
303 3770
188 1136
417 2180
686 1213
177 3393
1198 3036
1004 807
873 1679
413 1526
176 1776
1083 3976
702 2309
602 884
66 3382
203 347
619 1368
1153 3559
406 2759
1159 265
1128 4168
509 3551
235 3864
24 1652
1080 338
515 1478
22 3733
1000 4128
562 3376
1055 1157
804 3878
908 776
1055 3417
768 282
571 2198
896 975
64 3632
562 3163
135 3352
137 3288
526 793
504 2529
1077 919
11 2871
1059 392
1015 2025
980 1875
919 2098
46 3795
972 369
599 1783
243 276
523 2186
87 4177
95 1218
819 584
427 2602
551 257
51 1224
1211 4015
523 1295
405 2674
1034 1095
1081 1297
427 3553
793 1610
466 1872
292 390
651 3316
923 3242
712 2043
1072 2476
939 3775
347 1273
268 2756
751 2978
564 3364
549 3877
1132 2877
336 3953
96 726
1137 609
1097 686
718 57
1145 3948
822 3738
1009 1300
181 2888
453 1299
600 1136
1140 1682
720 3902
661 1571
157 1377
1125 2093
939 770
420 3502
118 821
900 860
269 3085
399 1516
767 578
637 2338
541 4056
807 2176
1213 1130
893 702
27 3052
543 1066
1167 3665
1209 3728
694 3655
889 3290
571 1090
64 2966
613 3533
901 1925
393 3362
123 3313
1221 670
1226 39
404 2367
1073 2309
647 1087
965 732
990 3034
732 3629
1173 3723
838 483
755 1804
180 3991
813 3636
150 4017
1052 1055
593 4069
321 2634
577 2189
399 74
708 2122
1212 403
1183 1616
285 2708
615 371
1149 3041
321 390
1082 2943
611 3503
605 2321
752 3656
61 2174
467 1891
354 892
601 2226
660 2045
90 2713
1094 1412
771 3496
748 1215
764 1368
55 3993
603 3853
533 463
744 2303
295 451
131 844
724 3177
1061 2979
255 2077
1035 4022
3 3961
55 3476
1190 1591
982 470
823 4098
408 4116
861 1816
1216 2556
732 1365
755 508
985 153
710 3145
1005 2667
972 2682
1087 3290
438 963
286 4116
684 1937
166 3062
575 2808
507 1753
918 3949
267 3745
618 2923
1144 1830
1089 2809
660 3447
885 1345
1135 4065
875 3049
900 3279
1036 745
1147 664
379 1388
62 1035
672 484
931 4164
438 717
930 3881
1069 572
393 437
505 1311
1144 3400
101 1478
879 1329
511 464
40 1274
1042 432
492 778
132 2378
45 1806
1118 2163
419 1896
1028 976
314 176
974 3048
754 3381
391 2798
384 1004
753 3416
711 2972
1152 124
956 3403
1080 4082
669 1018
145 4011
32 2539
883 4187
734 2033
1066 2754
497 3863
755 2490
387 3617
1163 3956
111 3784
776 2390
803 803
796 2887
933 527
463 2760
1227 1599
1046 976
607 3178
89 3628
332 1730
1129 1484
674 1547
222 324
338 4061
955 2376
892 1959
219 3212
1161 2770
1010 1657
383 2103
375 4084
1216 2818
964 2204
1120 3316
374 4078
246 3811
326 1454
984 1077
1027 170
924 420
769 645
521 3320
861 1126
630 2383
953 3637
1122 3676
1099 1533
20 3354
713 3024
857 2669
1138 3389
887 2561
773 1203
972 536
491 3187
474 1504
911 1911
1067 3738
75 3450
712 3296
15 998
213 3782
241 1574
146 1123
1012 953
41 2997
6 1680
819 767
42 689
666 3886
773 1327
874 3816
917 1340
943 4035
406 545
642 2152
201 1189
207 3490
209 3542
549 1175
840 193
135 639
906 2730
244 945
916 2873
514 2355
878 859
269 1969
493 1595
647 3695
409 729
1135 2152
757 1302
1178 902
340 2857
235 891
1120 2766
691 986
476 2248
1111 3896
496 2188
475 2135
296 3232
903 632
527 2669
101 865
68 2857
685 2082
323 2978
1181 1503
687 1163
973 3783
936 157
451 1031
145 796
908 3274
388 180
239 2296
625 1505
631 3655
1007 3208
6 1794
508 225
643 2063
357 4103
1091 3965
405 3373
778 647
728 1926
21 3918
884 41
801 2480
1004 2229
692 2141
540 1281
342 3417
1099 1030
949 2415
1008 19
177 3459
653 19
767 2835
1138 734
518 240
128 1596
328 3164
901 1477
915 1365
358 2395
920 1762
390 2111
791 692
998 478
20 3040
521 417
1191 205
282 2491
1212 1282
1076 3949
1203 1153
434 2411
794 410
619 646
612 961
1072 2670
191 1875
260 1524
78 2800
164 614
1099 2205
417 3085
623 2273
484 2825
566 1234
501 1859
971 2106
358 1239
191 3575
941 3069
164 1216
346 3987
49 13
13 1381
907 309
238 3524
104 1686
46 3053
261 1336
851 3858
1202 2594
905 3892
377 4076
781 414
190 1542
251 959
98 158
1109 1061
1107 408
979 1765
453 1111
198 2655
579 670
960 280
541 3560
640 2738
1131 598
508 765
520 1064
1176 1665
483 3524
51 3081
850 3432
334 530
373 3743
519 1603
197 2286
951 633
939 26
30 2378
1186 2456
416 644
78 3539
986 1420
709 1609
174 3369
896 1798
1106 958
54 812
580 3729
120 3643
6 960
206 322
154 1041
742 538
558 2645
893 337
343 3384
526 3594
10 113
991 4053
120 3397
392 3937
845 1923
492 3551
890 1027
235 1761
264 855
81 266
17 3149
828 181
1165 65
360 2186
448 2044
910 3679
1175 2915
337 720
72 1879
632 230
991 2166
677 3179
383 644
458 283
101 3148
814 4149
618 3517
944 1375
924 623
1012 1806
828 1885
999 3570
283 495
400 3956
800 716
554 2471
257 1235
980 423
853 1471
472 1629
592 336
447 1196
1102 3409
1082 1516
108 100
677 2011
982 1695
818 599
601 884
215 3127
607 2506
517 169
1014 492
1165 2427
588 39
672 3611
465 3938
796 3958
292 2001
862 638
1210 369
110 4098
105 3107
200 392
475 3382
931 2996
340 134
1115 196
611 1408
599 471
1207 3440
474 2903
722 2212
920 66
1192 380
1221 1107
191 739
98 1189
1012 3431
413 503
798 1797
405 2626
354 3915
622 668
172 756
1061 95
722 3018
154 2470
1159 1377
210 3534
165 2034
279 631
644 3788
1175 686
936 1246
516 3707
94 2320
610 2474
423 1425
1160 1472
983 1306
543 1904
373 3005
532 37
633 3982
1216 3755
114 1102
1150 3689
601 476
306 1976
1042 3432
475 965
500 1566
261 1120
796 2118
309 1257
529 3923
1123 1412
794 1579
134 1308
954 1050
313 852
722 1899
793 58
453 857
399 1358
857 1214
524 2828
304 787
276 4140
619 1087
153 63
1089 3493
337 3200
818 3400
858 134
1021 2726
21 2324
239 855
131 2658
466 4074
137 1481
74 521
138 605
1222 973
310 1338
170 3962
1215 1019
203 20
45 1869
602 3093
1188 749
995 3251
504 2434
759 2935
552 583
934 2898
624 3520
185 571
638 983
1148 217
991 395
757 2308
936 335
750 1131
1010 2218
17 134
1076 1182
875 3082
284 4183
981 933
852 1934
380 158
768 376
537 3997
626 3167
296 2257
1143 2762
747 1958
323 222
149 3632
280 2377
764 3128
114 1940
27 212
444 3369
163 2747
1125 2149
117 4067
692 2940
745 4069
864 737
1088 2491
6 4118
498 247
113 2869
244 2700
494 3531
868 3910
583 2703
675 4090
624 662
90 1467
642 1462
107 3491
545 3347
1048 111
290 2134
776 1517
286 810
1043 3922
313 3873
660 938
183 2521
511 3375
855 913
895 1835
960 2619
726 941
106 3826
439 2692
757 1666
808 1849
922 2836
569 1643
915 3658
129 3696
462 2949
978 3188
1083 858
66 2937
56 2380
125 32
175 3688
1193 3566
722 2699
71 1186
918 1247
432 2710
1125 462
75 3875
1130 524
1205 483
156 3133
1214 284
506 1465
531 1303
1207 2135
956 2022
905 3067
399 1801
742 1731
221 294
525 2746
157 3367
842 4159
1002 1782
626 203
877 2178
239 3215
1115 2541
1009 1260
719 1686
1162 3991
935 324
194 1552
72 133
355 3675
426 3854
695 4056
1098 959
1186 2666
434 3929
1117 3223
686 185
820 1864
614 3572
1152 3461
1087 2252
483 1192
287 2946
457 1351
348 3539
1148 2700
773 461
185 249
109 3110
930 3031
1053 1652
607 346
875 3626
1126 3343
106 3331
271 1349
373 2207
696 847
1050 3209
912 3658
183 230
710 2609
279 1761
925 2713
994 1523
628 553
148 1420
290 3843
971 2038
752 3423
553 3446
312 165
125 2628
491 3032
452 1441
928 2102
281 1675
696 1124
867 3096
373 1000
532 4166
463 2595
498 3850
1172 3422
612 540
1172 3865
69 2643
1191 2082
758 1108
923 1385
535 3748
663 2903
1035 277
717 3195
900 911
931 2174
432 2062
179 1816
851 191
1018 2303
95 14
340 356
1210 3543
191 859
1075 3313
906 3754
166 486
879 2549
33 488
771 3909
873 1741
430 2901
529 1237
236 2476
615 2134
137 4157
713 1156
490 2914
1005 1646
1079 3121
91 3121
782 4074
319 486
1040 2924
1016 1600
388 3939
254 2785
653 121
1216 2964
1127 3571
1055 3926
207 2247
98 1982
329 126
254 3811
1191 3605
281 202
505 1915
712 25
763 2640
784 2292
356 3483
324 12
311 3909
440 1957
984 1227
1221 2734
567 661
83 1630
1 4129
252 572
625 3893
857 2397
414 2105
831 3122
502 2043
1194 716
877 394
608 1567
64 3082
625 1869
269 2752
837 2129
295 2626
20 3479
592 1579
1007 263
429 2434
71 1340
684 1266
889 1360
601 399
28 3300
429 971
396 1436
246 3244
212 770
501 3259
566 2821
72 3652
955 613
1118 2248
320 3224
1020 2510
1191 1720
495 87
444 1892
119 4022
1131 3151
604 1985
227 3674
1216 1701
575 2182
248 2832
170 3791
478 3751
1050 4186
1121 3315
1083 2582
893 3869
269 2749
556 4145
775 3801
1033 4144
811 3202
772 2531
757 2759
549 3565
338 933
1082 2751
713 1934
774 669
819 3374
12 1042
641 4044
602 3310
484 1234
107 1421
575 2980
845 2395
596 4157
660 2891
45 4051
158 527
1198 3733
485 2097
822 1244
169 1005
420 1059
500 771
1122 43
907 407
1083 4006
715 109
612 3066
543 2478
882 630
886 280
537 1500
542 1311
73 3721
1122 2420
833 3012
1107 2504
791 2195
1059 2601
726 789
793 2285
416 787
1166 2800
826 3201
452 1421
378 3147
304 3920
1201 4101
59 109
257 3975
332 2165
570 3401
1134 2433
1090 2068
978 1924
856 345
725 3955
418 310
1005 4142
719 1976
137 3193
224 1024
439 2343
151 2874
24 2147
620 1580
1106 2004
630 3822
789 563
1060 3780
1180 3571
383 558
1070 1317
1138 223
774 2968
623 3377
324 3838
309 2301
810 1938
787 1474
1109 2925
344 2635
117 2468
939 1491
1022 3377
702 1756
134 2321
762 289
779 3216
430 2590
327 77
1145 9
1124 645
925 4124
870 2184
765 3314
997 3445
394 3506
632 655
305 1782
1226 882
350 862
827 2354
937 2945
671 1995
257 3253
1192 1846
11 130
903 1638
799 2760
1120 4009
1156 2109
710 468
58 189
580 3645
398 513
257 2991
70 3666
1131 780
839 72
1060 437
1040 3395
914 964
966 904
891 2722
1131 3073
278 816
949 2432
912 1067
1110 2935
683 3800
783 568
863 781
1142 191
858 3526
564 2738
162 3207
1050 2687
1103 4137
196 1164
342 2453
1163 503
203 992
605 4055
679 2686
750 3712
508 3279
682 1527
328 4050
572 1716
1169 1970
474 524
1039 2335
357 2449
53 2321
593 382
533 1686
613 1846
340 657
871 2286
596 734
104 862
598 4071
413 3382
85 2401
420 1281
568 3241
191 3444
931 2294
98 2833
1181 3067
597 2182
996 2048
341 2653
1182 1055
1136 418
397 1615
795 2722
799 2766
1028 2392
984 2460
1095 1632
1158 1250
110 2732
538 284
673 2617
688 26
950 3051
949 4091
316 514
36 179
713 1495
333 2373
1052 3563
1072 3178
110 1550
59 879
493 1887
189 3136
460 2686
1032 3374
1125 3742
1174 3199
82 2741
881 4095
854 3317
239 443
487 856
296 2703
1171 4028
884 2247
67 3933
847 3047
1031 1343
1098 2462
742 2425
187 3258
71 1494
923 2995
1042 2875
1219 854
47 1116
93 3366
1144 2034
306 2686
826 1792
495 3306
294 1061
340 1393
738 291
282 1434
297 1664
1012 2208
238 3185
474 3179
135 2292
624 3376
348 1973
292 2023
210 1026
