3529 1845
9494
2148 867
2607 859
853 310
1592 1607
1480 1179
2576 923
2218 874
1029 919
2702 544
2875 555
1184 1766
3148 1637
926 587
841 108
2487 357
2976 108
3025 1071
2154 104
2880 1841
950 886
1813 80
750 1439
3340 337
151 1294
1627 192
2933 1695
2008 888
2076 296
2040 746
1069 1797
463 939
1150 100
1194 1561
1285 672
2575 14
2987 545
2075 978
788 579
1771 655
1252 90
2805 1189
1490 676
429 1137
1664 1388
1465 631
434 885
1236 549
20 1298
2201 1657
3317 525
1729 1671
2139 166
2692 544
2781 1680
1181 1460
3327 658
2409 723
1121 368
1103 824
2123 841
838 474
1972 76
2339 1714
231 1817
2972 818
266 1111
1555 563
842 1092
139 1579
3307 271
2159 154
2931 1820
302 109
489 1675
2002 3
2420 178
773 390
1940 610
2319 394
188 530
1277 1587
2662 780
3349 273
126 593
1506 1819
1735 607
649 205
2931 476
1330 559
653 1467
1255 1288
1417 1164
1868 713
454 1292
2038 1149
1280 1358
1588 262
2368 1359
3032 407
1014 931
2930 878
2980 1315
3318 569
2155 1574
3190 1484
3196 1665
444 33
435 1450
3001 111
1057 1159
2263 1726
1622 1204
2174 130
1524 783
2615 307
3077 1406
2310 1442
2502 612
1070 1606
2315 985
1153 337
859 367
2478 1731
837 468
521 1622
2958 443
3376 1050
3483 307
1043 1644
938 1214
1779 1597
2214 555
1189 390
714 93
2618 845
1954 215
369 484
843 672
3467 1055
3317 1192
2193 518
2554 1676
880 1064
2283 731
668 1480
3416 1420
291 91
3283 170
2304 623
1364 963
984 235
1765 561
149 1740
591 616
384 644
514 721
1003 1039
3076 500
799 81
2263 1184
2715 752
1998 484
2927 161
1812 1348
2478 280
3062 446
475 505
2314 443
2256 139
1280 1762
2405 1160
2996 1299
1566 1413
2098 1168
835 1258
3480 433
1521 1652
3421 1090
2965 1239
153 1553
494 53
2865 136
1930 783
34 1140
3236 1208
2508 1176
1090 1574
2617 506
2435 1828
1865 1093
1087 1604
3062 797
2300 1616
2485 72
70 781
277 1328
764 591
2926 1744
3100 714
3107 1275
2388 359
3136 971
782 676
1840 134
2975 609
1333 880
1755 501
1479 1783
3374 312
751 110
1528 1694
2890 1439
403 298
1238 1392
601 878
1664 319
1881 234
3252 1072
186 349
2870 485
50 777
2372 438
1662 656
2839 463
2621 1501
1463 360
1899 1255
1247 113
462 1099
1419 1142
3023 773
3217 175
2436 1403
3228 1147
332 1538
20 769
1869 389
2428 248
1329 1619
1410 733
1686 554
1862 279
1565 1084
2017 296
804 538
2798 1232
3038 130
1068 1532
610 1123
748 1051
2053 1191
629 814
1739 995
125 800
1922 42
3073 739
327 1815
2507 1358
3448 1198
3044 1247
1758 745
917 1374
1167 1840
1376 478
1500 1438
3251 916
2890 1411
1019 898
563 891
1027 496
1117 195
3147 876
874 491
1991 785
308 505
2780 686
1439 1120
1616 149
2415 1491
1660 1567
2707 1201
954 650
3428 1682
1393 1476
2780 1682
1420 1178
935 1036
2700 420
1942 1365
3339 425
2570 760
39 1224
2171 1451
3382 68
392 1102
3094 1419
912 407
2602 610
1383 132
2780 142
1828 227
1338 1462
3403 1014
3333 1575
2678 302
827 1153
858 899
2930 1706
2526 663
1543 1477
189 134
1343 1431
511 1197
3048 710
1624 1623
2329 1378
78 1310
1146 505
846 317
821 1577
1839 1738
3497 196
2821 557
594 908
2769 174
1784 426
2679 1278
799 161
544 926
564 1075
406 1595
2422 842
3168 688
117 779
1552 767
424 226
461 189
503 973
2397 1823
1874 1006
1433 65
887 385
2598 1015
2630 1480
3196 533
1041 1688
1874 1772
773 1147
2524 456
241 974
1452 1719
2162 342
2886 499
2339 1762
993 1114
2900 1448
535 822
2829 1456
1161 187
2771 1481
3138 1646
458 68
3101 1402
2284 1507
2126 993
412 433
88 907
1307 603
1751 1753
1124 968
1479 931
2628 1177
549 330
48 764
1808 1829
65 654
1458 535
2776 605
2425 560
3422 1297
1115 413
817 1682
1269 362
1573 929
59 1790
791 970
1493 23
1682 1536
2559 1074
3404 1444
141 325
2735 589
1189 22
2092 576
1502 352
2344 1280
2527 490
1158 1589
2173 1012
70 786
2371 596
1993 1469
3045 1441
1705 1132
512 761
2411 703
179 862
2425 1108
1125 1385
2204 111
3136 581
707 1540
2774 995
3211 128
2248 1194
238 34
3118 1482
2213 1351
2322 986
191 1755
240 1613
3048 1529
2740 1377
3447 116
2047 679
726 804
1385 405
3069 1303
2962 203
2401 62
2775 1572
2880 383
660 215
3273 259
365 1565
2736 849
1323 628
828 243
1530 1017
3225 1333
517 300
3107 444
2670 1003
2429 315
2163 612
1111 716
3037 474
1756 627
3034 660
142 90
3259 1407
3371 746
2463 541
756 880
1974 447
1912 1209
2659 1285
2022 193
2768 665
891 1545
2129 1176
3417 62
1096 1642
2597 1064
389 825
308 753
2860 1473
238 442
2018 63
1493 499
2781 1350
1078 518
1415 958
3064 1571
1514 229
1899 1033
2141 176
2391 894
2402 651
2365 13
3478 904
633 1477
1626 920
2976 175
3222 1738
2272 224
3436 93
3086 971
22 1089
1352 1578
2819 771
2578 918
335 1282
192 1815
98 1559
418 202
2380 353
3077 1608
214 97
657 1064
3249 595
2929 454
2750 1797
1686 528
2601 1288
1009 982
2629 127
684 1157
964 20
53 1046
2371 832
1904 1377
772 1179
815 615
3120 355
825 1192
1977 943
183 1582
2511 464
2377 1029
1428 1498
1202 866
1811 1438
1092 519
167 1586
3203 452
2382 1125
619 450
2356 724
2229 1139
1034 195
514 413
748 12
2195 317
3020 36
1545 980
3462 919
3178 634
1194 28
1274 1616
1333 1592
2264 204
1883 1015
1707 1242
1718 939
3223 138
2087 622
1190 306
2239 1371
675 427
2880 1592
870 368
1094 620
2872 1180
681 353
2097 1643
1740 831
3292 648
1745 837
1821 1069
1987 360
1895 534
325 701
2790 774
2009 257
3524 1477
2133 1026
2082 267
1029 1710
2815 407
2152 347
1826 484
2967 1376
1513 238
2950 602
1038 1172
2895 136
2799 588
2320 1604
3212 944
746 1691
3297 308
2217 1403
1172 1322
1219 9
2275 1195
434 342
89 1284
1712 55
490 165
1628 473
634 1464
1970 456
12 1060
32 1089
1797 298
3224 1670
1698 1638
2797 281
2332 1681
2229 1307
2216 75
2565 1632
2301 494
1809 1662
1987 680
177 938
2467 525
873 845
746 35
2967 242
828 1064
3464 47
2807 333
1065 721
2840 1402
1418 1471
1665 595
1060 288
255 1731
1989 202
501 395
140 1580
1739 1324
2400 648
826 508
1807 244
2257 744
3079 1352
2608 168
367 1817
2978 1844
569 1148
1469 1808
3511 429
452 87
2962 1765
558 143
2103 61
1324 296
2161 1619
1080 1286
1200 367
294 1561
1015 1468
732 738
2870 1360
1111 1384
709 321
1235 778
1133 83
1178 955
1799 318
2292 633
2127 665
674 509
1071 1049
927 899
2039 1594
330 1463
1723 1442
548 1340
2051 1668
897 462
796 622
1769 1660
1745 137
3154 32
2093 1264
406 1837
2464 881
2307 908
60 356
2022 911
809 1262
3279 486
2041 657
2352 721
3342 77
2431 122
1891 1741
131 1332
1499 971
767 222
1401 337
1225 1286
1141 406
1250 111
888 1094
2735 1381
2649 848
1846 662
779 1137
2810 99
1040 425
354 412
1986 1052
3124 1503
845 584
3084 1331
1003 1269
950 1617
3313 1399
2087 617
613 1612
538 1503
3148 325
2806 1494
34 226
2709 432
1689 594
3003 326
775 1295
1757 1164
1756 1752
390 1781
3489 567
1836 619
398 516
525 1491
577 1732
527 773
662 1003
2185 318
1103 934
194 1323
1980 582
1156 1132
1917 1228
727 1053
3452 360
838 785
447 527
1538 1315
2322 1087
926 1601
3106 274
2716 1397
3391 1635
562 244
2298 1811
550 1421
3382 1116
1104 1796
3240 1050
3354 669
450 537
370 1006
3069 197
275 969
2526 9
1166 835
2847 1412
880 299
2390 294
127 396
3196 1424
2159 1782
1471 228
2559 1390
1664 1300
3148 1803
565 1374
2006 1022
2686 657
3281 1194
2166 564
3510 192
562 1418
2105 567
122 1388
3433 1345
449 1173
663 1808
2882 1101
3454 70
2116 471
502 1001
806 912
1980 130
1803 299
3004 1144
2437 556
730 1625
1579 1120
341 1038
2869 818
1694 1566
2374 1285
1143 952
3485 1285
2663 708
1113 121
737 104
2540 101
1139 34
1152 492
807 1361
3190 744
404 418
2260 227
911 301
857 1542
1050 775
3378 1210
487 896
1317 252
193 456
1568 1670
1270 1105
1480 1373
3305 1486
2984 1504
3364 435
1244 1675
3044 350
375 1695
603 376
1346 411
2330 1389
1997 1071
1521 757
50 927
319 1519
47 446
2679 1302
1369 880
1012 1131
3001 1336
3051 1378
603 1529
2241 1495
2774 1453
1321 243
1806 776
3090 1745
1486 584
3324 236
1711 241
3148 1171
1492 609
1491 1518
1310 427
2939 632
1985 718
2978 305
1302 1173
3425 405
2373 1132
1244 673
251 573
1202 1146
2868 1154
3226 392
907 1673
180 570
1947 721
2210 405
3476 771
103 296
1971 607
1350 1790
221 1415
652 1320
2196 978
3202 1565
1664 400
3474 359
1833 312
1995 513
2669 1823
631 568
1214 433
1482 1273
823 1182
1525 1436
969 1452
3512 705
73 331
1280 291
533 1258
714 630
1945 1480
34 558
64 1652
2790 1132
2129 1826
1648 1500
1169 26
987 239
186 1529
382 1100
451 1674
729 1212
1837 1142
133 111
699 557
1226 655
2681 25
1441 447
601 532
643 748
579 276
3354 1104
2927 1041
1828 492
1263 642
2777 917
3251 359
1757 1829
2023 111
2881 1134
2868 983
3498 787
2410 1271
363 333
1442 793
2451 570
1142 234
1088 599
2106 524
1056 1366
1421 1478
2413 1133
1149 1108
825 1560
28 906
2664 370
394 478
1777 238
2395 1091
992 528
392 498
1629 1378
2402 1330
2086 454
1770 1711
3295 1503
3400 93
3200 400
2949 1600
2692 660
1941 646
1235 1070
617 1262
2264 713
435 1662
3291 1828
599 1033
2197 1546
3371 1475
215 140
3243 1500
2594 933
496 409
2303 1091
3317 1822
2226 1544
2298 125
2546 737
3124 348
244 1140
2580 932
3298 1008
534 1666
447 432
1937 1445
1595 372
1120 1784
82 397
3034 166
416 260
1933 619
2493 458
3162 1596
836 144
458 1754
1 374
1928 1844
1032 343
2300 1320
3498 1025
2691 152
389 1209
2318 923
2819 666
375 1123
3452 56
185 1088
2090 361
908 528
1827 539
2113 245
2785 849
2489 354
1594 786
943 722
345 1299
938 904
3028 404
710 862
1485 864
1899 1528
1416 85
3248 274
600 1451
3048 1134
1736 396
1339 149
21 53
2541 770
562 261
1798 1517
3114 1602
1479 1524
646 78
2527 1335
1670 294
358 1799
3311 217
2561 440
1006 842
2929 501
2291 1281
3041 690
2234 1476
691 1059
348 1210
2718 1039
3037 424
3046 319
557 733
1359 1833
309 1127
1899 579
1236 50
1323 407
194 738
1412 312
3406 1130
2003 1056
3005 725
3178 416
958 1466
1857 1700
957 1612
1562 1146
465 604
1864 1027
1975 1462
535 644
3007 1624
911 779
123 1798
1186 235
7 469
2854 1816
2778 1664
2749 291
3435 1011
294 1352
3099 150
2935 1771
769 1633
1536 1660
142 52
999 18
1815 1502
3092 729
300 1397
1991 660
1791 324
2945 624
1193 458
2847 377
3337 1785
1365 1084
3311 1813
3392 267
789 293
2039 633
1960 19
2447 493
996 511
2547 417
308 688
877 1667
1517 763
732 540
2223 1794
2609 361
408 595
3262 1625
831 361
2471 508
1672 105
211 862
3234 226
677 549
614 1561
118 100
808 1240
665 585
2291 589
1109 417
519 1553
238 1109
2158 722
1015 1665
2962 1070
895 151
2364 112
2026 1412
877 483
2694 1668
2361 1313
1753 185
2936 1019
1096 1403
2983 1345
3056 921
3125 1289
1267 467
2234 947
557 1827
2894 897
3093 1681
868 1648
1633 1845
383 1710
3046 503
1412 1522
3176 594
3270 313
959 945
746 1464
2548 471
1184 1688
2320 41
827 1557
3436 480
521 1431
894 1190
2993 196
1136 535
1436 1599
2713 531
648 899
1750 1709
3265 249
3010 440
2626 895
1057 451
3075 799
2612 320
2390 146
567 1055
1569 211
3515 250
3295 1433
2698 344
1753 1136
1219 758
2508 847
1093 143
29 296
3430 513
187 103
104 653
2938 948
1692 1339
2495 1115
2264 747
2663 973
2990 62
3175 190
2081 1138
1962 538
105 11
3374 1191
788 961
1888 1760
1559 172
11 379
2541 296
1010 1725
1072 248
2931 413
1652 233
3519 914
2547 1675
2539 787
3209 400
2473 1215
3488 1446
140 1542
1475 1468
172 709
1646 431
2347 286
597 654
272 8
1199 808
3112 769
566 638
690 1665
2355 873
3112 404
186 1557
2440 1478
1342 638
1119 351
2377 1239
2767 1845
2295 1406
111 494
1999 783
1250 1468
1352 1467
2279 838
389 226
253 1341
2906 500
2099 320
3115 878
491 807
1371 519
3174 494
1361 1042
949 617
1424 129
1330 1298
3355 1476
1053 1796
2530 724
851 797
2800 305
703 1304
830 6
1522 1681
2161 1573
2686 771
2900 1216
2190 201
113 1017
1428 1024
987 1750
1880 1345
2992 923
2445 546
2093 588
945 489
3306 850
2368 629
343 1299
3446 587
2564 304
1318 613
2541 1019
1430 624
688 1312
1195 124
1209 52
2726 1727
2246 578
3353 1419
1366 489
6 1448
349 1160
626 838
1073 893
2595 982
2977 1255
1507 462
3258 859
2317 1484
2162 1378
1775 1442
149 1526
2226 587
965 1400
1790 1243
1647 21
2344 855
2551 575
67 262
1335 1719
1870 1638
426 993
2385 490
473 1146
46 1085
1084 1815
1298 1783
98 1214
1300 1759
3264 833
2342 175
2191 1696
1451 287
432 1783
2363 859
2291 1463
1398 1177
3094 752
2437 287
3179 305
1576 586
1966 263
2299 713
315 1223
2454 95
514 1463
376 396
1380 340
1029 1581
245 1655
705 1536
2644 814
252 516
1080 421
3438 1295
2559 691
3189 185
1874 263
1781 922
1584 1379
72 733
2808 668
3003 1596
1160 995
1190 948
3408 1274
551 1455
2235 637
1420 1830
2795 1544
866 1095
233 1079
814 1135
945 12
36 1272
2951 1744
3084 34
645 1269
2450 1213
2807 1091
2820 477
3405 1514
1374 1656
609 1422
1949 535
3498 1211
2303 290
2085 583
3196 995
239 807
544 639
3153 432
1316 131
2420 1162
2010 1585
2344 1697
3044 1219
375 1395
2121 59
1573 144
2022 1787
2185 1624
3297 1325
1168 1808
170 1225
2016 900
2102 1356
3420 1230
2179 104
1589 631
2364 788
806 1402
2261 397
1200 1098
1121 373
2249 180
2130 620
220 1040
1041 1094
1816 990
3370 201
2588 64
2958 959
1738 561
2070 1142
2602 865
2697 359
1422 536
2938 1197
351 429
655 903
2429 701
75 1418
2456 801
2779 1104
6 1190
2781 1138
890 1329
2322 518
1501 1378
2915 983
499 935
1880 270
873 14
2729 845
3226 730
2907 508
1227 200
343 1722
1825 490
404 1284
1279 1264
1878 1422
1557 1421
1078 1563
2982 1397
1401 219
1447 1833
96 1815
1322 124
3288 598
1178 945
1994 1533
1046 1222
2573 1359
367 388
3333 377
1308 1580
1384 1816
2323 493
2772 900
579 39
2683 615
2302 651
1279 355
2466 945
1270 1491
3321 1302
3155 1766
1387 1217
3192 1336
3456 1799
2290 1579
3221 1080
1086 570
79 648
496 359
2862 568
3309 17
2386 1569
3029 489
3088 664
520 1622
2248 34
1230 1596
1226 239
1697 189
2999 50
2027 1504
3366 757
953 209
109 625
3190 1525
3297 317
1209 902
3396 183
3310 1424
208 41
2574 1238
1103 1505
3468 237
1424 201
1324 507
1206 290
1921 241
537 1239
2488 1382
787 1075
267 1689
1522 1718
1127 1316
899 1845
731 1600
2658 617
2582 877
1778 126
2582 788
2753 1469
1636 1490
3134 563
2894 456
2122 1601
619 1813
1104 320
53 1078
3173 1722
946 1772
3201 134
3145 1056
17 480
1672 1316
3199 1626
765 252
1176 698
1211 1536
1857 1125
3387 566
872 570
2220 1576
46 505
2936 56
1937 889
189 407
1385 1560
1745 103
1814 1562
720 428
2037 1615
1947 747
1316 1738
383 854
2887 1214
1838 646
3179 1820
579 1276
2344 85
859 1433
23 56
1901 1123
1945 1028
1323 361
1305 1845
1315 846
1412 1087
2818 969
2988 1797
2639 390
3091 943
3481 74
2570 1004
248 1617
889 975
1727 403
1365 157
500 1499
3364 536
1529 1715
3363 1545
1073 41
2948 1053
1167 1802
1835 107
87 1794
344 700
1247 1714
1170 809
643 680
1871 1015
1098 541
1780 152
3385 1362
1952 126
2252 40
2027 1209
1297 1121
273 1608
3086 1196
2159 775
1045 1730
3416 1739
153 1041
1532 228
1353 1366
1683 1747
2860 606
659 446
3149 1022
883 379
1150 311
649 1013
1062 765
3207 288
1048 1458
35 1620
2632 497
1237 1636
3170 228
2309 5
123 486
3366 948
3497 475
2213 1644
3207 1829
3270 1221
2306 807
2288 861
206 1385
422 468
740 1817
372 202
311 60
1614 281
3278 1269
2466 124
3360 480
65 753
2870 1229
114 113
1490 1206
3400 625
2169 793
378 861
2465 32
1804 885
889 1685
299 791
3367 1163
3165 957
522 1328
803 1794
3056 1447
544 179
215 53
26 1424
2005 1704
1960 1590
3133 249
1499 979
1521 360
2560 1651
2554 1659
3508 1827
723 1281
64 1309
2430 894
1537 309
253 1505
3511 1414
285 565
2225 1606
583 675
3436 471
563 983
3465 247
2164 1164
839 352
1207 237
908 88
3149 1147
2854 652
1568 760
1388 726
857 271
2246 35
1356 1576
322 124
378 499
2176 154
1162 769
158 429
2604 512
3225 1455
749 480
3500 1152
3338 1314
2928 1090
2921 181
2821 899
258 1229
2745 459
2936 1503
1749 385
3376 1053
2560 1770
2228 1562
1337 1685
2367 1128
846 571
3239 707
2884 1275
762 1132
154 731
1647 1481
2593 1836
626 25
3437 365
1487 1325
2351 94
1627 1242
1290 884
313 760
990 994
2145 1063
2392 484
350 1839
2596 39
436 408
2430 1018
3385 1627
2736 64
435 599
2646 239
2626 55
2765 1844
1697 205
1086 1372
1000 142
762 596
49 148
3023 1231
1152 491
502 98
1063 1391
237 353
2357 855
2291 567
2221 324
442 1169
201 1742
3438 633
1651 1704
1853 1294
428 515
3400 1205
1758 3
1518 667
2431 1388
2572 98
1368 1107
3018 368
1789 86
52 1582
2314 853
742 1152
3444 468
2123 1283
728 1838
711 1393
2164 1303
1538 737
1770 1444
1988 1601
1111 86
2592 769
1414 920
2831 206
3253 1585
3023 1110
2755 563
618 184
850 1368
3143 1645
340 473
3390 36
634 1498
2884 1817
3527 774
440 629
2728 72
2068 788
2783 595
2888 1130
871 128
2355 588
2217 1248
902 278
2030 433
2605 51
570 1749
1343 855
2068 474
3524 766
2007 1636
3482 1657
1062 16
1416 1309
1333 670
2242 1171
2304 1633
1424 1235
345 1263
1839 1638
3181 322
2713 857
3464 1061
256 1055
2053 597
1893 254
3088 430
2964 1091
1989 653
3282 291
3381 635
2867 368
887 948
237 911
1631 1547
3238 429
1485 818
1184 217
625 1351
2684 637
2794 714
1489 593
1519 936
1764 683
3052 273
38 1785
1511 888
2119 476
3080 1054
2334 665
2036 791
2876 1695
363 1740
450 1
1038 168
2382 183
1788 182
120 47
3336 180
368 1157
1531 415
2517 94
278 1344
1016 317
2635 480
568 969
3119 335
2823 1205
351 1809
307 1498
2342 1783
1110 411
613 1754
2817 1458
1558 917
1644 663
1232 540
2563 42
3494 988
575 1398
375 316
1627 1768
256 1083
2953 404
958 1117
2052 473
3191 679
1237 531
1067 1261
640 512
3055 962
2356 1578
3036 403
3246 68
2688 454
1701 112
795 1764
3420 604
1060 156
11 1749
658 394
3373 1249
313 815
1063 950
653 1436
3349 1138
2389 441
1093 1185
947 718
2515 1280
84 869
2723 77
157 654
3504 439
1896 1583
1288 1804
3260 1460
164 1748
3185 922
1704 702
475 543
2016 1120
3030 771
2010 1064
2690 7
2140 118
522 1096
553 78
1300 1677
2698 977
1033 40
2718 702
1061 1084
2555 808
2899 882
1885 1405
3529 612
2112 182
2547 290
3327 663
1419 1484
476 363
3371 1753
891 228
1728 138
1162 1594
250 603
2453 1242
2266 673
131 273
452 695
311 1071
411 1494
1352 176
159 252
313 897
3318 284
3281 44
3294 1330
973 167
1175 520
1600 614
998 1625
510 1587
3350 1016
2601 292
3101 700
205 1124
3126 1148
2645 366
990 1470
2419 665
361 30
399 168
971 386
3075 1422
18 372
2360 1092
1558 267
812 1216
744 1652
3321 112
3133 536
1905 461
2734 479
367 1598
2748 360
588 1420
2569 510
1841 5
3182 1102
1144 141
3068 866
1617 943
1865 594
2146 1221
3223 1639
1616 747
2965 312
1888 731
2442 1197
1711 967
1611 1538
804 558
1106 1258
252 341
2409 1676
379 246
64 252
2628 1541
2777 611
358 474
1751 462
3394 327
2817 1731
3400 1473
2316 959
2452 1389
203 1027
1846 1706
610 78
3086 4
515 6
2348 1442
3425 257
3013 1568
2541 1144
3165 811
1254 47
642 1573
2432 856
1324 776
1297 1503
281 1752
2768 1199
2705 1739
2630 324
839 333
317 501
2392 1217
2132 562
2594 701
1533 1338
2460 1060
1402 1168
2701 1634
3488 1605
2487 898
676 656
719 1321
2888 235
2837 588
3073 7
3439 646
663 1423
1212 1062
1258 1237
1537 968
399 1643
2870 1577
525 1500
2830 68
1602 1395
3413 806
1850 628
2531 891
64 1373
2243 939
3515 90
926 232
768 1382
1868 900
1415 1478
953 297
3168 1532
256 645
3083 901
2733 1049
191 915
2442 58
67 756
1165 83
3207 1380
280 550
3396 5
2813 620
1853 175
1240 1053
1255 1746
2106 1710
1178 1321
1646 1624
945 963
1259 947
2280 1270
971 469
13 864
1585 1671
2514 1532
1790 451
1533 268
1581 587
2712 7
2180 1195
457 639
2033 339
1209 706
3125 1290
3475 245
3413 509
3084 1166
2062 621
2559 308
1498 1530
2017 1763
1885 1257
3157 1049
194 173
2039 1214
1795 1278
3075 1037
706 1308
361 1585
2389 633
3517 1090
229 457
3130 681
2243 1798
274 1438
3408 760
2322 19
3352 525
375 72
1565 1715
565 214
3464 390
2113 1168
3090 896
787 43
3021 850
724 1325
3097 607
1315 1199
139 462
2239 702
161 1500
3450 950
1226 1609
3482 509
1024 689
3094 299
2222 165
1712 1071
2713 742
2944 1565
2904 666
424 1577
489 1113
1754 1649
2632 162
434 709
716 1812
1594 212
1381 1019
2560 1718
2302 1794
2607 237
1556 1327
1410 177
3321 1795
3490 794
1625 1102
1277 1619
277 754
213 1641
2425 1748
2177 63
97 495
2639 1176
3051 452
2656 1534
3133 1035
2427 1110
1319 678
2920 1306
655 1162
3011 26
688 558
1259 106
3283 1389
411 1530
2753 963
1517 956
280 1839
2686 51
3243 514
3325 1498
3085 739
2711 3
856 1683
1297 119
369 1391
2409 120
468 1558
905 1392
124 1668
1326 948
2846 1620
3518 491
2387 696
2646 822
3345 19
3370 1721
1789 1741
1967 333
3314 915
1006 761
2188 256
31 511
270 1801
130 1819
2176 700
737 1747
1178 1230
1870 1738
2246 704
3162 37
3352 165
3131 1405
3112 614
1730 1278
2235 4
409 490
881 1267
1050 385
1181 434
874 874
1002 12
2492 882
1473 895
490 573
194 1693
657 192
2498 30
2162 683
3054 695
2883 673
3047 84
114 657
848 80
307 276
1225 483
2133 1423
1874 1790
2307 1561
3516 30
2516 1536
2866 814
3072 1649
1820 796
2707 1398
360 1168
2255 1620
1104 24
3274 441
2620 847
1411 1339
3202 1342
84 564
746 796
1267 1180
2222 161
1013 1746
2161 609
2038 382
2501 739
2327 313
840 350
1364 1187
85 1559
2169 1797
701 1139
736 666
256 794
3260 700
2339 1517
1826 1273
244 328
2575 615
3016 783
2233 57
2609 730
2779 787
3313 1345
461 1637
1214 923
765 627
2856 1565
2478 1411
889 1133
1533 1199
1386 456
2276 1321
2560 1044
2293 1448
2305 1266
2366 1582
2759 604
2024 1208
225 1450
299 1042
3150 1644
1048 1461
2471 411
2865 720
98 1716
3081 370
447 757
2295 502
762 240
3091 1387
1013 571
688 1440
902 131
1808 144
723 1636
2751 773
2707 801
322 1001
966 516
107 1797
2651 780
3523 197
2540 824
318 1602
2623 1460
2168 152
2878 1237
330 484
623 1134
2500 363
1454 1759
381 1739
1055 1526
254 633
1452 773
1817 727
2720 1216
3178 1055
565 1162
705 1724
3136 894
3099 412
2182 1006
233 1671
2368 5
1435 741
1247 847
3221 1233
1073 165
708 340
1083 793
1078 738
2691 1534
1130 618
335 291
439 858
999 1223
2958 549
1063 573
2384 105
3282 884
113 591
1361 177
2208 619
751 1112
1174 193
3512 584
1842 1838
1241 571
2389 652
412 570
772 1301
1579 607
937 1103
1509 1696
2754 1676
3030 1775
1084 1820
3216 45
3429 288
1100 1132
1237 885
1735 362
939 762
1068 147
1275 1016
1615 746
938 1298
103 1701
1208 957
3292 1445
1454 1005
2712 1657
1312 79
1418 1717
2522 1232
1065 851
1252 960
762 176
2364 142
3170 1250
1854 1636
66 1540
1944 1837
1137 1399
2036 1040
1698 605
954 1266
1702 310
2888 4
3398 950
3315 568
804 711
2350 146
352 1282
83 803
3389 1765
3484 937
1068 1314
1505 638
3341 845
3095 265
737 1725
1192 76
2508 917
2156 1009
2601 902
581 1418
1930 275
128 118
2983 1036
3042 1025
3371 1345
1039 1033
2860 1624
1741 634
2994 1695
3374 1740
3285 1124
2025 169
613 1093
607 369
645 713
2600 1296
89 1595
1649 804
2324 266
1465 1376
1569 1242
1992 1650
3186 4
202 506
916 1647
1947 34
3325 354
818 151
2323 243
2762 1218
888 257
2101 225
1997 1378
3365 1669
2137 1734
2059 2
2650 390
1527 1422
98 1227
3482 1816
2711 682
1077 352
1634 677
1724 1714
1890 414
419 1140
1873 35
1206 380
1538 1238
3309 972
1592 1420
3421 1351
95 889
1191 658
3027 266
2121 1093
1463 1007
1138 312
1881 272
1220 43
485 1522
1474 928
1752 551
1312 1595
680 961
145 516
1489 1791
888 1234
864 1070
3433 1117
2171 44
2999 316
322 1008
2884 1198
210 807
1239 1237
1113 551
3185 622
345 1211
2945 1022
3315 44
1099 89
1365 410
2572 155
2754 1570
2889 1520
3500 1378
2562 1135
3038 1143
2985 316
2608 871
447 337
2857 758
2524 1750
3435 1672
1670 1118
2340 1150
1 1202
1699 1585
1634 1836
3235 895
785 1122
792 276
2841 366
1060 991
2671 156
2111 1379
3288 1565
2676 1069
2129 1286
2927 264
460 409
52 120
780 614
965 627
2226 846
2267 1782
478 1149
308 131
1484 1580
1906 441
2788 1447
2937 1585
2793 1201
2553 1379
789 1738
577 60
993 350
188 447
511 814
2666 620
2371 468
2486 1030
1730 841
2121 1213
714 1730
1477 548
2305 544
3476 1114
2282 209
52 1723
34 699
3505 982
2782 1434
3055 847
3521 1151
2480 1013
1146 1432
540 1270
2181 527
1173 389
2194 1076
635 109
2925 531
2877 455
2632 584
2949 1520
2944 1542
1216 1165
27 1433
3247 100
3398 900
2225 681
724 799
3514 1348
2312 420
140 1800
95 1111
2014 746
651 41
2649 81
1467 626
1493 796
300 1410
1081 936
947 348
2979 953
2866 793
2017 184
2633 39
1841 1582
2528 1027
3511 1151
182 594
2824 988
1998 469
2819 121
2394 672
596 1067
2633 1218
1850 1666
1961 1270
255 447
1363 816
761 566
1682 840
123 601
1220 1446
2411 129
513 1621
1514 791
3013 1494
1163 365
182 551
1894 458
3478 40
1750 782
1968 187
612 1484
1824 732
55 1827
797 1324
2103 424
2304 1082
2075 257
1706 1722
2006 984
1736 642
165 1247
443 1658
3443 22
1918 1337
1611 525
10 37
501 512
496 915
2600 717
963 800
400 202
244 583
610 171
2769 1757
838 1220
1301 1405
1563 807
945 1341
2235 957
1001 655
2751 1446
1919 727
3335 513
127 41
1420 971
2456 654
1064 898
1441 535
1414 917
1955 514
665 1740
3046 451
119 464
2268 1376
1171 1419
3064 1830
3291 670
1114 1225
1787 720
1508 701
2852 657
1849 555
1525 1610
99 652
1994 1379
799 385
2054 1693
255 841
2672 1063
305 471
1859 1441
2313 177
2793 245
3252 876
1912 885
341 392
1233 605
3266 1055
2529 1751
2195 1729
566 1481
307 1506
2260 820
3152 385
173 196
2256 1691
1883 1557
3298 828
3409 1121
792 1049
311 768
2432 1841
349 910
1299 837
1227 792
855 566
2046 1542
3249 1417
52 630
3446 1640
1025 1326
2756 464
3398 1245
1121 234
1877 1577
1114 901
2309 637
203 280
3378 318
1521 1702
2885 780
2301 72
1711 1043
2450 4
536 1789
2861 48
2194 1020
1894 1315
1889 1629
3019 957
1947 225
2911 1527
575 690
2563 577
1341 1833
2672 1677
642 351
1631 923
2051 185
722 20
625 1463
2618 7
1951 1113
3444 317
3260 1229
3410 1240
89 937
822 1656
2222 101
2307 1331
2827 1283
2858 617
1153 210
1997 873
1468 976
2958 1763
1886 1636
985 1732
763 254
3525 1185
1480 568
2741 1548
835 1426
3488 32
2293 1838
500 179
2209 1254
3250 1333
483 1715
2829 1013
2663 606
2678 692
410 579
645 1138
2817 307
2207 709
1983 64
2858 1320
985 1374
1639 674
1637 550
477 723
1878 1843
2693 508
2381 1377
390 825
1474 530
695 1720
1315 497
251 594
2990 1676
2315 854
2342 114
1994 293
2856 85
2085 1355
2933 1797
2610 547
998 301
226 1057
465 775
3289 853
1634 1038
116 1798
627 323
826 1127
2394 1055
3376 465
3037 857
2999 577
2641 426
3289 1243
2456 1216
2217 866
149 1588
159 299
1116 433
1367 1112
3219 623
1574 1670
2040 322
1234 678
75 1574
3088 486
104 120
1108 864
1276 1000
3181 657
2993 1287
2425 1223
409 1840
1294 1
2414 618
2394 1498
2534 710
1568 156
2024 300
1271 1358
2017 1687
2359 772
1942 1440
2338 1320
1494 1821
1577 1482
2872 500
2207 518
2310 278
1754 1824
2441 1287
614 253
1280 1381
2750 339
3014 908
1564 707
1343 157
3247 1537
719 1124
3162 313
1264 1824
385 1734
2174 1145
422 1799
1705 901
1054 174
2026 807
990 1637
1529 352
365 390
525 1529
1932 329
2017 17
1201 1780
1471 77
7 788
35 530
1381 989
956 1806
1482 1689
2034 461
989 349
1077 357
3450 988
2779 914
1339 164
2313 921
411 1798
2021 1041
2963 954
1932 1732
444 1475
2426 1257
347 1340
3051 963
32 698
670 730
927 1268
2680 1180
3048 828
19 1478
971 922
1708 372
2364 93
1075 250
2765 1704
1104 663
1847 1815
801 773
3483 886
976 1837
422 1455
880 1736
354 1512
362 335
643 1409
2660 894
1077 264
1889 109
260 165
3216 233
291 809
2725 1040
1486 301
3296 115
2037 1745
318 1598
3114 1092
2372 416
320 316
3184 758
999 1108
1386 1627
3352 668
592 996
1449 1308
2482 1293
1067 1330
1483 1032
2096 1204
3490 392
1187 572
967 1341
2075 12
3444 1691
2298 691
1870 703
1743 1131
393 644
1399 1394
73 169
3341 77
1790 1155
1725 244
745 261
2780 275
46 988
3049 101
1197 1554
962 1766
388 737
245 1496
2488 1714
713 1123
802 507
1714 161
1062 1294
2713 215
906 783
561 280
3086 1538
2059 783
2439 143
2108 897
197 908
2024 1633
349 1129
3227 85
748 1135
814 906
777 1646
1137 1075
1326 894
144 542
1982 1122
2807 1287
1547 1798
3419 1267
2176 393
3478 654
759 1729
1452 791
2994 1116
2672 393
2792 308
2499 1308
1174 80
1554 397
1043 7
670 789
548 1588
2942 800
609 865
2650 962
2651 645
2649 1577
3137 1373
1478 713
2600 508
3201 406
240 1007
2324 1436
509 311
153 268
3385 66
1645 1779
1163 1705
3220 253
2476 1440
468 1332
839 927
2284 655
2878 166
2337 1559
1158 450
2495 1187
1648 400
98 1734
583 924
3421 1360
840 975
1993 1478
424 1126
558 1048
2073 1215
812 1283
832 1741
801 1524
3364 1716
3341 639
2769 986
2725 1699
637 1378
1795 299
2441 1509
1760 1775
716 801
2473 1775
2000 441
927 1473
1335 1117
2947 843
1814 758
3081 792
861 71
1525 1223
3232 1638
2806 581
1468 217
2721 36
2571 1379
1360 186
1199 1331
818 453
2681 1600
206 686
2573 1838
2806 366
2973 621
562 786
1637 380
475 999
799 608
1107 623
543 511
1445 667
125 1483
1078 1758
3007 725
2656 877
2562 1046
757 996
2030 1498
284 1624
2741 826
1324 906
1877 314
1768 824
2643 926
2218 1325
1826 640
1261 1003
902 1177
1658 306
3011 1127
3467 993
231 1405
882 1643
376 1380
2929 183
1666 1187
51 840
2582 1543
650 1790
2107 30
578 718
694 1552
2905 1143
2693 119
1117 617
3312 558
1805 260
1717 447
3019 155
2734 819
3005 486
2367 617
937 1325
1964 512
2641 435
3506 637
2252 1459
2250 84
2783 1246
1736 1681
644 1372
1373 1025
799 466
1331 157
233 226
3160 1089
232 1649
996 903
3024 1647
1708 1073
2281 785
1329 1072
1093 1381
1369 1557
1775 1391
991 1788
3411 1289
1299 1217
3476 1637
1681 1083
1111 92
3294 1105
2055 1275
2110 271
125 641
1954 129
3515 1519
3180 1208
1927 933
3248 1640
2637 818
2588 871
61 1445
3074 1206
2383 907
2843 1339
1212 131
789 313
2393 1702
2669 182
216 1115
1948 792
2402 893
297 41
789 1535
2180 1088
1456 1486
1010 720
3103 247
3310 884
757 306
1991 1016
3076 60
2135 667
1283 1624
477 1111
1081 1738
2161 1215
2262 1028
2848 217
2376 154
984 103
1223 1029
1540 744
1423 1165
1262 1204
2069 735
2264 1580
3511 839
1296 1544
2101 1147
1836 1566
1479 367
237 413
2545 1008
2136 296
1443 604
2878 411
335 1179
1389 836
2282 1038
1079 1480
1854 331
2464 819
3065 248
2699 916
2323 146
1942 910
2930 406
1320 1809
2407 793
2015 775
998 1493
1357 1731
1693 1182
1132 1233
2871 839
1021 1324
2098 101
3466 711
1206 824
92 38
2386 1808
1142 1580
209 871
2494 177
1958 397
1597 1456
1724 1007
219 919
1564 755
1754 597
2342 1044
2983 215
1038 36
320 611
382 358
543 1012
3422 817
3001 117
2642 563
486 1449
137 904
479 73
2980 945
2869 917
481 344
2049 144
3241 883
2297 179
487 339
919 1016
392 1809
1603 875
250 937
2090 1608
638 857
963 22
2051 726
1758 1064
1286 448
1668 1595
3350 380
567 309
1575 1746
2 1266
811 239
3033 785
594 1757
631 886
3232 315
3451 1639
1088 470
2550 1386
3156 1502
691 1060
3452 128
103 631
1806 1587
1546 1776
3125 1572
2681 1125
571 122
4 1816
918 1282
2604 200
3418 1157
1240 1491
1472 1466
2670 1696
1189 1350
818 1486
3137 593
624 952
3114 122
1447 42
3065 1234
1404 90
1752 1795
3172 1293
3067 373
383 1016
832 1183
198 1733
2618 1303
1889 1705
2831 716
1743 693
2358 1552
2965 1004
1119 1171
2725 601
351 249
1916 1621
3167 2
2504 1787
1165 953
2499 949
3206 611
2712 1118
72 708
3291 765
762 921
2624 485
3166 306
1839 1636
1160 1124
1059 1670
606 1416
1429 480
3182 1215
1833 1591
3245 587
773 728
1280 992
2033 1157
1035 297
2513 1665
2311 1560
972 329
2762 1053
1289 377
1804 715
3046 392
3157 974
2892 747
1283 665
2552 1298
123 123
1447 924
414 535
2478 744
94 924
270 767
1960 39
2749 39
2440 1142
1960 938
2976 370
3122 776
2040 1304
2591 792
82 1583
1417 527
714 1040
2706 712
2556 412
541 1472
2110 1128
2979 917
2504 1193
1558 941
2742 331
1507 1052
1570 624
570 1755
3078 19
214 812
2544 1394
603 56
250 640
929 567
759 698
1703 1017
2697 1669
1319 1533
3037 1094
3194 1797
1310 999
1302 667
1681 663
243 1566
115 1384
2062 45
3408 1131
74 423
109 1603
2026 1676
2918 959
2712 81
3124 1120
1374 1634
3301 45
3479 1448
1174 1488
1193 667
2180 315
3216 120
2089 831
2332 1264
596 1308
620 1284
1553 1836
972 810
2180 818
2876 1030
2498 287
2279 736
904 632
2733 139
1636 1445
493 678
1930 340
2598 390
684 310
1051 1444
3409 757
1307 314
1159 955
2997 1781
393 1466
698 1160
3445 626
3467 1793
2280 1212
510 1511
3267 1199
2195 696
2532 985
1138 1573
2945 1611
1882 502
2704 1770
3265 164
1806 1120
2043 19
1878 567
210 1299
1957 1689
2813 1517
2428 112
1550 459
1245 1377
3045 1741
2060 590
2488 1376
2722 736
156 248
2355 642
2464 903
620 1619
811 340
1850 916
1241 81
1322 1258
3247 1430
3375 527
2664 1706
3254 889
3044 825
1491 1114
50 498
2299 848
1466 1348
238 542
2287 1327
1634 953
419 1661
3193 148
235 913
1342 933
183 228
279 1332
1046 1618
873 1302
724 976
872 446
2062 1359
1853 220
28 612
3243 1170
1654 1336
1296 1165
1343 1513
1407 1786
3461 1111
1509 1601
2797 470
2824 349
2643 385
1267 183
19 675
1859 640
780 1165
13 1234
388 1350
2178 682
1604 963
811 1797
2778 322
605 1569
899 1701
1562 694
3339 1682
2915 1532
899 77
617 1837
233 104
2434 1781
1317 888
3404 1102
2134 305
76 1063
2615 630
1512 1223
617 241
7 1059
1317 325
2690 1004
756 1113
1248 1425
1402 707
3326 1407
2707 1836
3337 693
3325 1411
2859 1004
2775 1345
2849 1031
2332 1103
1236 1196
2307 1520
2947 136
2496 1829
984 851
1773 1635
2829 1769
3463 996
3117 789
957 785
1170 493
3181 619
1681 917
2154 972
2814 1717
71 507
1519 314
1726 529
20 1271
3325 981
2124 1119
2574 1419
1754 307
722 292
1652 104
423 1033
2556 1638
2778 821
711 1374
1532 35
1609 808
1558 1555
1730 453
154 923
2958 214
1922 191
3529 90
2828 1536
2308 1264
2733 1089
2106 1263
1179 537
1837 163
2789 1671
3508 389
79 1278
406 1349
3428 1621
768 1128
3022 123
2191 129
2683 1785
1983 1064
2719 253
2657 527
408 253
1997 1767
1566 135
685 467
3156 132
3187 1817
2253 1076
950 1702
639 920
2333 1285
2905 223
1151 1001
517 485
1034 1173
2051 262
2153 1224
2452 957
1299 1547
546 197
998 286
2553 1346
1465 492
415 1406
2037 95
788 1618
2065 515
2301 1751
1082 1475
969 676
2969 1328
1682 1180
49 1361
2692 415
20 442
1154 1606
753 311
2231 812
3061 443
2726 226
1099 1351
1837 944
709 1534
2238 1083
1412 24
2629 56
1459 1330
1472 1563
1990 1158
1933 519
2921 1734
3408 1793
3269 445
1747 1184
1062 339
678 1770
29 376
601 909
123 53
3375 909
2871 622
3335 1146
2472 249
2268 1729
260 212
59 1843
2927 1110
3395 388
838 1652
1702 1620
1265 1411
1645 285
414 135
1408 1206
2399 1643
2687 1771
2721 1275
1071 1352
2668 1089
216 1097
2207 194
3285 1333
2722 1125
1753 1755
2637 1769
2619 1377
1527 142
3250 1794
698 1093
1817 1422
1085 1358
917 1558
3396 737
728 401
2473 1672
1243 1194
1542 332
1215 1623
1576 1655
1391 9
502 627
2916 1791
1231 347
2091 1308
2675 1678
308 959
2765 1621
763 1149
3417 1733
555 1717
1945 933
2904 1469
3190 186
3281 803
812 1333
795 498
1306 500
1521 987
2269 992
3356 1498
2824 564
1929 805
3226 947
3431 1658
656 767
9 1045
1877 868
2518 828
2143 33
636 1173
3141 1353
1552 395
1474 771
44 186
2784 903
2377 754
1676 1760
2986 818
1941 319
3485 151
78 77
826 257
364 264
3175 1069
1740 331
3284 1819
362 1844
2403 1094
1400 159
3350 1771
9 427
33 1674
2271 462
3084 1595
1491 619
392 1395
660 351
2505 831
2235 1322
222 940
1561 1360
472 1696
2043 1071
1333 1427
222 1647
3059 370
2572 842
2941 753
2019 752
3458 1691
32 1792
385 97
1542 389
3327 665
1911 965
188 45
79 1489
1220 603
2076 955
1395 37
515 300
1398 1063
485 1337
639 1520
1313 1493
760 924
1471 126
3344 923
956 1429
2363 1460
2744 1295
1977 149
779 778
2983 1360
761 611
202 1820
2853 153
2954 1284
24 1417
173 1370
615 1308
1771 244
43 689
363 1589
3086 1412
283 1176
2386 878
3145 802
144 1318
2588 1209
151 1042
238 1767
1140 1682
650 103
2678 1745
1939 1208
3127 909
3018 767
2532 1636
3523 798
382 382
1294 1515
2993 918
2369 903
928 444
1436 675
2941 1717
1227 60
2886 553
2156 505
2639 38
1678 607
3512 1476
1739 1226
3033 1789
693 672
33 1037
516 1109
2793 1250
2918 1528
1342 383
1532 70
271 1376
2586 392
1713 681
610 252
2246 1158
2488 988
1488 829
2907 1431
2591 50
1785 33
1592 609
199 699
1705 481
2706 636
242 1292
2418 341
1456 1688
411 32
1398 456
1310 1167
754 1070
3047 652
802 1525
3355 695
600 1500
1539 1108
1600 1547
3294 1751
2301 415
1339 1297
1067 1556
1263 1516
1835 625
394 395
936 1167
3506 28
277 673
3445 1314
3460 696
189 619
1995 1701
363 1595
126 834
37 1339
2502 669
796 1612
327 1762
2263 1463
1461 1493
2488 316
722 1469
2053 1809
410 1400
281 473
2013 1053
868 1619
209 125
2325 1315
1805 1434
3123 208
207 316
3197 519
3094 1462
2217 1540
2686 1335
2994 23
3224 700
1812 1010
2544 1444
3379 1594
3220 1225
512 1203
3380 453
2187 1222
1957 1711
569 573
3144 654
2270 1313
3369 1148
695 1609
191 1720
2200 959
2919 891
2101 261
2491 1116
964 1459
59 1309
2896 580
1044 1646
2520 42
1247 884
3311 1308
3506 793
568 373
2160 1505
1327 1565
992 1429
554 990
3369 119
1704 7
796 624
3410 765
1011 299
1467 262
36 602
1518 1050
910 408
260 1486
731 1617
487 1574
2232 1568
1965 1251
1616 713
1310 429
2837 1020
1462 1116
2505 1062
950 1331
1393 1211
3311 1
1842 126
1526 1687
1312 1423
1072 1482
873 447
1253 857
2176 1572
1920 1341
2520 850
3462 891
2983 381
3311 351
2178 705
98 224
27 1482
975 74
650 458
2238 1621
2807 1521
234 1827
1496 496
3474 1493
307 1440
1153 396
238 1185
3308 1663
1433 665
806 798
3389 1370
472 959
2746 1385
1191 605
2630 989
3120 1823
3266 1385
712 804
3022 737
3130 1009
869 1380
532 1111
2254 534
1168 175
87 971
392 1485
602 1632
1112 1318
1418 1115
3382 164
2660 1106
2455 1526
1427 1279
1525 1126
872 1812
3429 852
3380 1293
1861 250
807 1337
2101 1110
2896 1468
1476 909
3 1217
316 1183
2279 1356
3334 811
1365 753
2906 1429
2365 933
2815 1061
421 1036
1261 1029
478 446
1531 1240
3064 1193
2892 1462
2063 1060
3090 1043
1845 424
2934 1430
2606 1657
1263 1722
2516 235
1828 1076
2210 525
2471 414
1408 220
1267 1370
3421 622
1897 487
293 1281
377 612
1084 1599
691 1339
2066 1057
2237 275
1381 84
2824 414
463 1400
2826 730
1298 927
2680 693
1957 917
1286 369
278 863
2252 939
1811 1191
1557 561
167 151
496 883
2831 1611
1845 368
2454 713
935 1289
404 1128
3415 271
2464 689
2721 1165
945 1170
2620 878
1331 1723
2449 864
1505 465
3262 361
728 422
2723 1107
3220 13
97 1406
1966 1137
1573 1030
2483 284
1862 1733
1024 875
1610 1122
934 754
2146 236
135 1437
288 1670
3153 1368
1590 1828
2249 1351
2765 156
3194 770
1787 1369
955 134
496 256
2185 1329
2770 614
2593 212
2803 261
919 1776
497 1151
843 191
1093 701
1131 1606
666 1485
986 566
2521 226
1395 988
594 1415
2583 65
2608 872
340 1475
54 539
1610 188
831 569
2180 404
2300 1465
1371 1814
2462 646
559 64
1502 1464
2676 1164
2972 1386
577 1101
2834 1735
414 550
487 1614
1354 479
1370 1738
2116 343
189 1109
1926 1130
1585 873
3235 1567
2303 607
2672 1065
137 839
824 1653
2194 427
2512 537
3344 465
1986 498
1639 1099
14 827
2095 465
2691 1729
122 1314
984 916
2308 1441
2407 1504
157 570
3396 854
979 552
222 176
2255 1393
2957 1742
475 1617
2754 1353
3075 980
810 1047
743 113
1256 48
11 56
972 290
2527 1517
1426 257
204 1822
1277 111
1829 137
1120 1806
700 139
3465 1584
229 1160
2403 1200
403 581
1570 532
3062 1499
2260 258
520 564
1110 450
2115 1409
3138 701
2731 1115
2783 1597
13 333
1354 1815
1124 681
583 1122
1731 676
466 461
602 1130
2118 374
1288 1684
910 1264
1165 293
1865 289
1209 793
781 733
1077 1516
2146 62
2813 1331
664 1827
479 57
737 929
2569 1180
2271 224
920 888
2756 342
2773 852
2277 1459
3250 760
1465 1318
2174 1323
3126 463
3462 20
2200 911
1059 1224
101 1792
1572 1608
2189 252
3219 253
469 561
105 1624
2941 1335
1926 74
3167 903
2937 1462
1246 1792
1683 1264
1145 201
3223 1009
3328 879
2332 834
359 1730
2292 269
2618 76
2 547
130 889
3519 1529
171 924
1720 700
752 1637
1226 1052
50 713
1906 14
681 1721
3309 1548
1958 1413
698 685
2215 1689
2867 337
62 1222
3336 261
2216 17
1553 608
3516 408
1782 885
1570 875
721 951
1900 1275
232 1710
700 1320
158 952
1972 1512
2438 453
3128 698
174 1824
626 803
117 1484
1732 740
2659 734
3160 40
1246 1109
2645 587
471 1800
1765 630
842 26
3469 1051
3448 20
2573 231
76 781
1904 1746
1311 591
2735 1373
86 177
97 1494
952 1409
2220 1020
608 1789
1544 344
3100 1524
2439 1697
1890 506
110 1416
1807 1514
1027 1448
829 18
3468 1782
903 271
594 245
986 453
2864 46
3378 1008
1164 386
2376 1387
1134 631
2328 1605
1556 1276
1502 263
3322 1529
869 776
2396 305
3382 1068
482 29
3284 1468
3458 22
146 288
357 685
2192 725
1995 1769
1219 542
1433 1050
2719 434
360 935
2011 976
893 735
2151 512
1016 1400
1024 1577
1917 1299
516 1114
1118 829
3116 1706
1353 1543
1816 1257
927 1485
2942 1642
3360 284
2720 1276
1831 1254
1950 1513
1465 100
3360 1622
355 293
1199 1070
1653 1368
2749 18
2650 1728
3375 12
2115 1421
798 519
894 428
1661 1370
2294 1524
621 1502
548 945
257 1246
235 536
295 1413
2612 1507
968 1512
2855 1216
2445 1027
2795 925
1544 113
1509 1373
1839 231
551 1035
385 890
1966 88
1276 737
213 1029
2260 1376
2678 1011
2091 184
3146 341
2519 938
3009 859
388 219
782 1113
3394 857
2254 245
1737 1797
2137 1413
1452 491
1902 96
2695 200
2189 659
1028 1699
381 981
3311 897
918 1426
2502 692
3132 424
1782 1116
1751 704
2183 143
422 700
82 217
683 1750
237 1168
1944 1659
2673 269
2623 1428
731 1625
1946 713
1375 168
1893 1605
2984 981
1188 1222
1154 885
721 403
1091 1578
2042 1662
1191 271
1078 654
636 200
2331 882
3373 1789
507 412
2370 936
3416 1382
81 690
2570 1808
1105 1467
129 1169
2329 336
3291 1029
1413 283
1206 1233
2545 1109
196 702
717 135
1274 1405
1363 1203
1595 1746
2433 140
2051 178
2439 1512
202 936
379 777
1077 988
3063 27
2113 655
1525 446
1867 1349
462 1781
1829 150
2246 1253
2778 1026
1350 398
403 1507
3247 620
3093 721
489 482
1008 890
452 1094
2041 21
2941 1472
2205 264
535 90
1831 1375
1707 1181
2770 88
192 122
1376 633
985 683
2187 797
2790 474
2960 986
2864 1760
2986 1402
1146 1407
285 724
459 1050
2062 266
1615 1461
1702 233
2069 976
873 1322
1132 1746
3290 1759
3526 412
700 1074
1807 493
2911 87
1332 945
2035 315
2109 517
283 1212
2314 518
522 1801
510 87
3257 1708
1109 1687
3489 1315
128 728
1385 1768
3200 370
394 833
2856 1843
149 178
2066 897
2375 1553
2379 1730
344 513
2905 694
1958 904
3304 1316
865 717
543 1165
2248 46
59 1188
1256 843
1664 1284
2420 1822
1888 1088
125 1556
3311 170
1611 1270
3027 504
2816 315
1399 1818
2430 1522
3362 1271
2792 1152
2095 954
2920 220
2946 360
1184 1456
1344 1070
1805 27
650 1645
2717 1697
1282 843
1044 516
2657 274
1186 410
2683 1365
998 1733
2995 1549
2695 196
1218 265
172 1326
1663 1538
1000 102
1516 1647
1585 1489
1451 1121
3497 1677
2793 791
2875 1527
1821 1723
1093 1711
1545 1070
536 128
591 1466
1585 736
2378 1196
1587 1820
88 819
3448 1428
2919 580
2304 437
3443 1793
705 647
166 680
3242 863
1433 1131
3095 1049
25 1693
2766 1381
1313 1720
2103 367
1792 1701
958 1442
2982 807
1751 326
3405 1644
3151 1562
1626 151
2355 362
1561 89
2638 1824
754 1207
1669 866
2996 1156
1350 1774
756 30
1659 1762
2902 1226
3002 856
1601 516
3495 351
3363 1012
750 1500
2371 237
1948 635
3522 130
733 487
2740 1717
2299 271
3466 1389
659 659
2731 1139
625 1726
930 1589
1637 494
1849 1210
2506 1636
401 474
2897 839
111 1208
3039 684
2463 1278
3131 389
585 742
1429 827
1894 1472
2181 1403
686 1427
2889 1187
1606 784
2400 296
173 771
2317 1845
1755 1826
1077 1613
548 850
715 1180
1379 1380
97 1213
2589 614
1405 365
2832 1691
2443 340
366 1488
1484 583
1586 876
2533 882
2863 1744
2395 198
78 1049
972 1659
1410 1759
3369 616
3204 1595
2565 1414
819 302
382 1229
1514 1658
974 1191
1241 831
3135 990
3292 946
2845 1645
2499 1633
314 690
784 1096
1475 88
420 637
1766 1316
719 706
1190 1311
2466 1803
2351 351
2483 482
2848 18
543 1378
274 1279
2542 1498
2324 1199
504 223
2095 1030
1373 83
185 1294
1622 130
1291 1715
1093 1051
1276 1738
3480 460
283 1028
1227 559
2511 1676
725 930
3421 1038
2121 1595
1074 333
1337 773
553 1037
3295 303
310 622
1735 620
1707 1488
2511 1092
2345 1576
2052 1618
662 268
2742 1429
2786 941
1787 809
2998 1415
2011 561
1285 1225
752 361
1374 1214
2153 888
892 1349
1070 478
2466 1476
604 1584
875 1150
2818 1762
1793 1149
28 1650
2911 1497
2296 745
1679 989
1504 886
1597 1016
2746 1471
1190 590
109 654
3024 1815
1137 510
2613 627
3523 1612
836 1341
3497 729
2775 936
3193 535
1821 1609
203 1136
133 249
2518 954
3137 548
50 1801
2425 387
1716 945
2942 372
364 1525
2738 1272
747 334
1111 1845
2322 1012
2031 1304
1432 931
1923 1184
2744 109
507 1036
2146 1404
659 1609
2761 1714
1687 1248
1964 1657
2919 1147
1583 1192
300 1289
143 1138
2946 1297
900 892
2417 402
3489 855
1729 1406
2330 1721
2278 903
1683 1492
759 1366
3291 40
914 1094
2212 900
2029 811
452 315
2647 1449
473 76
3098 1086
3168 1175
1331 396
2396 1488
834 116
3396 775
3234 287
2516 1259
3518 377
3301 276
2489 1755
2356 893
323 1085
2757 1029
3460 995
3518 1653
1630 1035
1327 1764
322 1833
3200 901
2300 1204
1942 1490
1427 792
2980 174
1085 565
2095 1252
573 1218
893 338
2959 603
299 1498
1116 446
1733 1791
261 727
1127 686
3419 74
1089 1660
935 1356
3466 1531
3244 623
419 198
2653 880
3309 901
46 1244
1324 804
105 1019
1996 1243
223 1822
2351 1310
2805 1478
2184 851
2254 1541
3222 717
1199 109
348 1343
3435 998
1994 973
592 138
1924 1713
188 1205
776 656
326 592
3233 880
3057 355
2513 775
3233 1543
907 1760
1595 1817
2367 684
648 1314
1787 1043
58 469
1380 1718
1082 1659
2757 1637
2215 1143
2463 1160
2216 183
1305 1282
2955 1793
14 586
1529 1458
1829 632
1084 497
949 1144
87 235
2599 1506
2894 248
1676 1098
1589 1762
1379 477
2905 1455
1109 154
2129 1276
3100 91
3206 352
859 1010
3260 303
2795 1238
3145 563
2830 560
3060 86
2539 414
2627 1720
3300 1724
605 1589
2183 1778
321 1807
1406 260
1532 665
2937 104
1928 242
1150 1654
915 122
3201 702
583 140
2195 895
1397 59
692 1688
1485 1782
378 504
2277 125
763 1741
1928 1132
1386 439
1744 447
2252 626
627 1119
1645 1467
845 22
43 1161
2696 714
776 731
488 397
1262 1177
2526 1834
430 1785
616 397
2318 1022
1647 156
1194 507
2014 37
2817 1287
1608 567
2840 1277
2431 1220
498 417
1743 1118
1601 56
1113 797
922 1409
2970 1661
1855 1823
1452 1617
2923 563
2260 1355
2041 197
3067 682
2553 1415
79 623
1170 195
2607 389
43 189
3515 112
433 1732
2385 449
2896 1012
1513 74
1999 1558
2550 176
1140 183
1632 498
1457 816
2616 1479
2697 1371
74 833
2446 114
789 721
1330 1001
617 1699
1680 1219
2736 1219
16 390
2674 1809
2581 1234
2928 1212
3067 349
872 2
195 704
259 673
1303 1404
185 1655
1120 143
2844 193
312 261
690 1314
2636 815
908 238
731 861
2539 1602
2923 488
120 140
3181 299
1948 1493
1504 801
228 1721
2468 781
480 82
1551 1559
2716 27
220 63
3194 1823
2376 1436
2791 1107
1438 1046
2228 996
3091 691
1474 3
1756 1392
162 1788
3173 401
1682 1626
181 1808
2106 1175
2666 146
2147 531
977 249
206 46
767 1300
1921 397
2888 816
700 1392
1860 886
1497 1204
1064 1602
1992 1318
1183 979
315 1043
446 533
2744 1704
1341 700
1542 90
1167 262
2572 619
1778 1006
3528 727
3275 1147
2048 152
2300 83
533 321
501 300
133 445
1782 1590
3461 1325
2037 1561
568 94
2551 1280
3490 1277
1576 1560
404 1538
2121 1678
1816 1001
524 313
2019 1716
937 1779
535 755
1057 1511
559 1024
1832 1062
1341 1171
254 1763
818 1428
3516 196
697 1388
1446 1145
3431 1240
2432 1757
3138 1117
3022 1650
943 830
2983 982
2717 1721
3424 1459
3330 1594
2721 1259
2365 207
2035 1748
2064 1487
1516 1310
1785 1235
3087 852
894 1154
793 1805
3027 1121
3341 1725
1089 373
1086 553
2212 1536
3169 1340
2419 943
680 1350
770 1645
3106 446
1812 651
911 1608
1451 450
2797 411
2259 1650
1243 17
1747 1272
876 737
2528 436
491 221
1359 96
3288 776
51 550
3107 1600
436 670
405 771
2523 1783
363 532
1232 42
3129 1249
719 1178
1116 612
3075 1428
3021 1604
2902 1183
734 796
2043 437
2570 566
1416 86
809 689
294 1197
1521 449
956 1248
2661 710
2143 1307
736 1791
425 1124
1348 1543
2291 808
1524 1125
1065 529
825 92
1704 1472
1014 1048
1953 812
3166 800
1902 689
3410 1066
3273 1461
840 1359
925 545
882 774
3414 1392
3115 102
2120 1194
3326 400
2410 493
2857 956
1527 633
1398 1230
2596 566
1485 811
3095 399
2580 1786
1255 1757
433 1267
2212 981
2861 1302
796 860
452 1608
69 1256
2331 1113
2403 1497
14 301
249 1273
10 628
899 520
1211 1739
2321 1825
715 1236
392 1415
821 1789
1703 90
3519 651
2617 241
1132 1805
2413 675
1201 139
2808 1843
3387 184
2703 1163
2075 582
371 361
3343 1149
2591 440
3064 1474
1992 633
1063 532
2734 1347
3087 496
1508 204
1901 1232
341 1472
2092 1232
2161 1840
2973 509
1546 458
3200 690
719 741
2724 1768
753 484
260 1406
3196 1203
2168 596
2454 902
2875 1679
3098 175
1403 1611
2540 1172
1085 1428
3267 33
2027 131
3328 1121
2667 558
1973 1310
2159 474
812 1810
1429 961
1202 1643
978 1412
3502 1284
2632 1278
1373 141
3342 1549
2792 977
358 600
374 159
838 1509
1527 1104
3520 1511
430 779
153 1100
28 1438
408 768
507 1661
623 1563
1218 1755
1835 1575
1719 512
3236 1402
983 1603
1037 1646
2916 67
559 1186
235 1766
752 846
179 227
70 1555
1594 1437
3448 955
1325 724
2996 1428
1889 746
3102 1111
126 151
957 1335
878 1009
2763 1439
488 530
905 1708
1562 427
1001 199
3360 1499
2303 987
1713 383
92 1374
2176 895
1134 474
2964 1350
590 160
972 204
552 784
453 1039
183 902
320 116
1723 343
2493 1755
3205 1021
3374 1473
1669 90
1748 1119
1742 1436
2517 750
1915 644
2552 1538
1819 1661
2566 603
3073 1654
1460 1666
660 1292
1460 246
3468 1102
2140 1234
784 1838
478 443
2046 1050
2981 1825
3360 1158
1421 1833
3285 1603
3120 592
1896 1110
2565 1120
105 336
3074 45
860 216
3301 1676
1430 411
2203 257
1711 906
488 703
1971 1484
961 904
3135 419
360 357
1563 438
1504 302
2881 1616
2904 1552
1999 1229
2113 966
1301 381
473 519
2273 1342
1844 1525
616 615
131 634
3323 7
2681 1709
2791 1018
4 697
1824 1070
1795 288
2002 1135
318 1683
3492 490
304 1027
2720 334
1753 113
728 1083
3219 1834
3138 735
2697 293
702 347
1026 722
1412 1357
1978 1371
3341 1305
1825 617
3294 843
2829 706
528 1119
1615 1820
3136 459
1639 30
2979 1124
231 682
2944 998
1744 1095
864 675
1211 589
224 131
2565 1123
1287 1386
638 1507
619 447
981 1192
351 1610
485 1197
615 1370
1370 42
2527 642
2901 1568
3346 196
3190 1828
3153 275
1724 494
449 299
2833 559
203 1649
1996 1745
3167 1472
2932 688
3496 1750
2738 1003
2898 1811
2783 1306
1731 684
725 1756
683 403
1717 779
60 167
408 1266
72 1062
2746 1374
2942 911
3189 352
1551 594
3087 280
525 1112
3366 850
1817 157
1370 1571
606 226
1042 224
2677 1500
79 354
1158 862
1234 239
688 567
859 649
3527 1412
759 827
2083 309
946 1036
2603 1337
103 105
1936 1484
717 1033
1028 1240
2893 1420
973 1118
98 842
1051 1728
1622 1734
702 250
3121 534
2663 1140
3232 1120
1408 1685
938 923
266 1244
454 1315
3224 982
3049 464
1765 1836
2827 897
341 1684
1410 64
2745 494
1675 1398
2065 1681
3304 1171
1122 540
1312 1209
2674 579
1507 508
2366 922
3251 877
1218 1665
2216 60
3003 1159
2409 156
302 641
431 1423
3009 408
2072 1504
3181 507
2021 1816
3348 835
3016 198
2172 796
1150 1347
2978 1353
1214 1523
1147 1704
2973 458
2902 398
1673 834
1040 1548
1690 116
281 1697
654 158
554 1656
601 420
2060 278
2206 187
813 901
920 1057
1735 1416
800 189
3518 1578
419 1624
1698 1139
126 671
2759 813
528 631
2515 1757
2444 415
149 1079
3401 677
2891 861
312 1388
679 292
3145 21
1133 1515
2368 417
1005 1007
1588 254
1901 1590
492 1578
1641 89
3370 1682
1307 1045
2675 651
1365 442
3018 899
72 396
2699 1604
1686 1433
454 898
2745 1452
1132 320
812 1782
2135 213
959 1170
2411 1726
470 1655
1559 1419
1462 873
1322 42
2117 1442
3338 897
2914 436
293 1695
3388 822
1707 1437
3476 245
3399 1806
1305 1815
3239 266
1551 1155
3104 331
3384 235
2598 1286
2995 1085
3480 665
836 1505
977 1787
2977 1124
111 144
1646 1443
3382 519
614 1385
2416 1042
3209 1159
763 1754
2586 1481
661 94
1785 1429
1280 1556
902 1747
1239 71
1830 301
1188 350
121 661
2771 1606
2887 1556
1447 1426
3164 215
2452 1307
1336 356
1529 749
3342 515
1248 1784
1942 1428
2850 1102
2297 1825
1126 1803
1442 1038
1524 200
871 678
867 870
2166 1181
2924 448
2596 154
820 162
2324 1553
1987 1517
2022 1692
1229 1720
3083 511
2278 1033
3403 290
1199 722
3474 1420
2976 794
3324 856
490 356
1645 1451
2707 631
533 1612
3358 1671
3354 163
2809 1711
1034 914
1579 710
600 637
1889 700
2495 997
1078 1750
2925 1741
1155 1130
464 1390
1865 1587
1603 308
3490 193
1650 683
1950 1493
3203 1722
3306 1827
1719 709
3194 839
2350 87
3450 534
1973 1600
1655 2
3502 928
1120 1712
16 1691
169 85
3196 1709
3252 1830
1723 1839
45 348
3206 674
389 150
1395 138
1407 235
1534 1476
1474 555
423 1699
3261 83
1832 1513
2935 131
80 1656
2770 485
628 801
2686 340
379 1603
450 816
1527 267
1249 384
2726 774
2585 1559
1424 334
934 1653
2390 1208
3483 839
2650 583
75 1189
274 1496
3096 145
2935 589
2670 1519
193 1811
2073 1267
2078 710
1338 172
3023 396
792 771
2333 1593
1127 1312
56 1739
2197 1428
1645 606
3094 559
1093 1048
3087 1086
2280 958
3431 135
863 800
303 1031
1908 1203
1608 1023
2537 348
668 785
2949 1350
987 1520
179 1824
1295 155
1548 1733
572 952
961 1103
950 85
1443 1706
2937 541
532 1521
1616 927
3051 133
3076 1831
2940 107
50 210
839 1212
3154 556
559 83
1161 1482
2742 489
733 1743
1620 800
3259 634
485 1389
2244 866
955 605
2370 590
1642 1704
550 1425
2592 964
839 408
2759 289
3489 250
3027 74
2287 1405
699 693
851 1569
3443 1050
2229 978
2005 1821
2336 317
1648 537
653 758
1780 1173
1800 1253
3023 1115
1606 1090
3496 784
2283 1558
1951 1262
841 527
1077 937
2441 727
1036 6
3027 1448
2195 1338
1931 435
1010 644
2039 720
2415 979
285 1694
3167 913
512 757
1118 599
1575 218
116 1017
1604 789
1455 60
3125 1477
96 1023
2074 1669
625 1219
736 607
912 1788
1395 323
1028 1025
1427 1701
2168 429
3240 241
2885 542
389 236
1498 603
2348 1617
747 1795
2053 1050
1653 565
2656 119
3102 1199
3431 1735
706 1556
2395 498
1038 1703
2975 921
3103 1665
2774 836
3208 567
2519 1628
927 538
2582 1162
3139 1323
1592 1241
1199 386
3405 1551
2345 647
3008 621
646 1621
3345 107
1792 1330
2521 34
2318 330
3120 681
3140 1706
3089 960
2765 1236
2813 1575
1696 1113
443 278
2563 1762
147 249
1366 1190
2655 1430
1153 1713
3489 1128
191 1407
3244 1561
1447 430
3381 808
2167 778
2313 338
2615 664
51 1547
621 474
1592 218
1549 47
3082 503
487 1499
954 1337
1886 963
2121 1188
743 187
1724 627
1300 1474
1253 652
685 986
2337 689
118 1533
2657 280
83 631
2658 597
980 1246
2726 211
1030 1071
514 1006
2123 433
1223 1526
702 573
2592 790
2901 1179
2891 544
3113 1506
2556 1732
2786 1559
28 494
303 804
1135 1726
2479 1229
971 988
2240 1596
1325 98
395 1552
2222 50
1065 952
1689 461
2927 347
1428 1461
2399 629
3120 1120
704 826
1682 540
825 1390
1598 1836
971 854
898 90
279 128
3177 1464
2239 1097
3458 420
527 1026
1713 219
2957 207
1976 1336
1171 1102
734 11
3115 581
994 843
3292 243
1118 719
2845 1732
1248 528
504 1634
1962 395
963 1625
3034 555
3073 1225
383 900
3467 110
1927 1740
1871 1506
148 1528
1763 415
3322 1409
387 1759
2754 864
1679 283
3198 163
3458 1189
1105 845
3253 994
580 663
1145 1030
3365 763
293 1830
2651 214
1683 551
322 1479
3010 264
1185 979
2454 534
867 1519
3498 685
1792 518
2432 1566
2830 1705
316 655
1813 836
1220 1812
1337 544
1207 177
51 990
1281 490
1906 1511
1368 1323
1467 665
3307 1414
1838 261
1291 510
1404 289
2179 1086
3193 298
1455 1612
1404 105
2311 1687
303 952
1594 118
2188 619
755 1269
259 510
462 40
108 529
2972 26
2783 502
2351 1076
634 748
1800 758
578 1037
312 1613
1640 321
1647 1529
2546 1489
3016 1501
1119 1550
2309 995
2760 1393
1292 1112
2346 1110
2949 1840
154 624
2823 1644
1442 1195
360 1120
1494 847
701 32
121 1746
3510 10
1843 1519
3439 1008
734 1406
2698 1827
3207 1005
2877 751
721 658
797 387
2942 1362
2220 1277
600 331
330 956
1127 294
1759 14
2978 1710
700 462
2383 1494
1461 44
233 1473
3349 846
1911 972
2250 712
1805 970
836 1351
2047 1526
866 1087
1557 1036
1613 1076
1434 213
3290 852
1019 1836
1974 490
2107 518
3458 1089
3183 538
2030 126
214 1697
1548 1277
849 44
2728 360
2470 1729
1843 1187
2031 1277
2336 1713
2036 1372
2142 922
3333 1576
1720 1830
770 654
332 1176
1474 1509
53 751
3192 1581
2556 396
2832 945
2322 844
1167 1210
130 1298
2232 640
212 1511
238 520
740 1551
533 460
1613 240
1669 368
1577 1658
1315 1838
1444 874
2793 1668
1534 811
1993 915
1757 168
311 1797
789 297
1769 1302
398 893
12 41
3497 539
1549 893
633 387
211 594
1618 1310
909 954
245 1479
3147 872
731 772
238 1159
1244 1789
2281 743
2730 1272
2763 47
3347 209
427 1748
1519 511
3121 421
948 146
1533 1788
3233 1686
1351 1095
2011 1571
3169 1429
2428 717
3001 264
2447 1240
1498 1713
1168 375
1816 754
2225 1741
2219 992
2042 1770
3346 1041
1657 293
174 1548
2060 1136
2498 776
1067 756
710 1520
2177 1351
989 1480
2691 1748
1798 1
3180 241
359 512
3460 146
338 1167
1929 536
3132 103
65 818
2633 793
1275 1120
1128 204
2293 1140
1443 924
1208 1104
688 353
1250 1588
1323 578
3388 359
471 1676
2930 1100
3210 1732
1907 353
309 897
1312 82
3170 66
2922 1437
1515 1712
2961 405
1870 1453
1875 1639
129 943
616 404
2681 393
3142 115
3238 826
1611 1384
1811 997
2195 1247
2246 428
2008 1188
2758 38
1195 716
2539 671
1299 1120
604 1214
1581 88
182 1521
1218 1509
1379 480
2533 1190
205 1465
2534 508
93 739
3501 1056
1599 43
711 1155
786 1754
3315 1291
1795 123
1261 1451
3210 1235
2062 393
3436 784
36 884
1100 136
443 33
2857 1443
3020 261
1215 1390
1727 330
3392 876
185 1207
2332 444
1339 1228
2580 598
1072 1168
2553 172
1754 520
1459 759
3124 1795
1660 488
2562 1797
3040 859
1185 1618
287 122
1842 195
688 738
2462 603
1202 1588
1755 1764
3172 1090
3145 389
1198 1801
2891 1023
649 1000
2116 761
807 711
1143 1593
1843 1803
1331 1398
3427 1468
3128 1699
1241 1389
3267 1471
870 103
1132 1651
3084 756
1550 933
1673 1119
2021 615
2741 1062
2732 1564
1001 1577
896 1425
1543 988
2526 944
1968 1766
1482 1372
256 976
2396 629
2145 142
349 1188
3138 1389
1174 1697
804 1238
3505 291
2494 414
750 1654
2881 236
1813 496
1923 1705
3462 667
3390 1679
3000 253
3447 524
785 821
2522 1663
691 906
2795 1366
2515 1736
1818 365
2310 1135
2595 1837
3009 1075
860 1305
3412 1590
442 77
3201 707
2247 1321
2757 1776
1164 1067
1297 923
1827 205
2326 991
2677 84
575 138
1657 1808
1108 667
1839 21
311 1410
930 238
2457 624
3404 411
1165 1300
3527 1200
3526 1653
282 1153
1157 902
622 862
2136 613
2718 1782
463 887
3321 407
1921 1262
2663 52
2360 553
893 1563
710 1300
1494 400
2871 227
1512 1752
1256 278
3118 147
283 1539
323 29
2323 1150
3276 567
238 1110
3015 1345
1912 1580
3516 631
1025 79
8 1637
43 60
87 1786
1551 46
2457 162
1352 975
1111 1351
2972 1785
1897 1677
58 1460
848 351
638 593
1040 554
590 1197
389 1363
2741 1142
674 82
1841 669
1492 1721
595 513
1898 1755
653 720
2248 1147
279 1043
2975 1777
2478 1607
3414 1730
2677 677
824 14
879 761
696 387
1445 1178
80 205
1261 530
278 1272
330 811
1822 1496
2179 1633
575 1653
1914 361
3340 1614
2115 1034
3136 346
2565 855
1161 74
281 1842
1372 1454
3222 930
419 100
3038 430
3371 200
3236 441
2277 1580
2686 1569
3216 262
1837 1639
1632 1171
1642 1744
2948 399
1506 1815
3321 1125
3012 63
3079 558
915 1560
2656 1141
1961 237
2763 1394
528 1665
2145 785
3274 1741
2026 116
208 381
1000 615
1175 754
2404 1470
202 443
1106 1444
826 1366
2540 719
235 1498
404 1014
2239 1622
203 687
1237 168
3043 1804
1963 1457
1835 1474
1266 967
1321 447
359 638
2581 838
498 733
903 1363
2579 421
828 728
1556 1332
2286 447
464 42
3471 1220
700 149
175 1160
2030 1368
2817 1066
2101 606
2719 884
2682 1308
1122 874
1911 1111
271 704
61 186
2397 627
1842 479
2975 557
1813 536
187 111
279 204
509 991
226 3
206 241
795 1237
2212 674
2588 68
2553 1277
1185 361
573 331
1731 243
10 1148
1092 289
380 983
1693 1828
478 1665
1879 700
3291 1197
3006 1738
1596 993
441 1594
166 115
3300 39
1634 1674
750 1725
300 1564
2539 911
582 1795
2049 795
2 1017
656 545
1984 645
2523 1380
2024 1581
2458 49
1869 1153
396 581
2953 1725
3155 1276
1852 1644
2190 1637
1489 1491
2920 533
3306 929
1008 1018
579 1692
1802 1236
1759 267
1113 365
1111 584
1960 802
2144 1159
2795 902
2022 1321
1965 30
3430 232
295 968
3455 1241
2999 406
420 1031
2020 1339
367 723
2249 1212
418 1234
2710 33
2179 1003
2890 321
690 555
1162 1419
2033 840
3202 682
3407 1013
2010 1624
365 1250
888 915
2456 1703
1261 1812
287 820
2404 1236
1950 1276
2710 9
41 721
2319 1265
2987 97
221 322
1773 1197
2159 1094
1731 213
2510 979
1188 469
2547 1374
575 1615
801 201
2733 1073
1595 264
477 1671
1787 725
2106 1273
288 307
2316 1274
1941 496
800 1700
2978 95
1128 1256
493 624
1594 1530
2635 18
1999 515
138 1051
2576 60
953 1290
3281 354
845 129
969 747
1504 1792
412 761
1035 712
2954 1233
1792 890
929 1805
1423 265
2780 933
605 182
1950 1171
2056 1759
3250 266
3388 737
3239 1246
286 972
3265 900
1704 1398
2818 1018
1609 82
2073 510
1359 1378
609 1048
1979 997
975 281
3369 986
2757 361
1478 493
1462 213
729 1490
463 1802
694 1140
2117 134
3484 53
1265 1445
2992 1456
1963 1647
1943 1808
2208 1151
1219 279
3136 694
3217 1510
2376 610
3167 1794
1621 1758
253 1209
836 1798
1162 517
2746 372
597 10
2517 1785
939 333
3232 635
766 1699
3431 265
1620 1371
2444 1322
2237 137
2937 1493
765 578
313 269
1015 37
2372 1196
2176 1477
1644 1185
1347 370
2934 1029
1535 1310
447 996
1213 292
731 1740
2783 1539
3345 1701
1167 859
682 1523
2358 1194
2133 1600
2505 1276
685 650
827 1093
1420 883
128 122
3054 692
3355 1325
1887 492
187 1398
1064 19
2409 785
3327 444
3375 46
3072 968
3439 905
41 1805
53 767
29 1646
2307 1673
391 595
686 1123
2647 23
1017 1632
2367 1214
1429 113
1383 1000
3056 536
1562 1749
917 1158
2897 1466
1320 1354
2848 1479
525 1227
3020 849
2937 475
2761 1015
2901 178
2036 14
1680 277
944 682
1071 1260
1962 895
293 292
317 103
458 93
3167 871
2632 405
2064 1775
2757 74
1208 1346
1363 948
1010 91
110 831
3030 780
1690 1831
3164 1607
3294 1781
1326 919
520 1596
1550 1053
3166 763
1940 267
2191 1382
3050 1043
3375 1555
2364 1287
530 1385
2467 1844
353 14
2638 1119
953 583
1752 1675
3258 488
2710 1204
2954 1802
3295 1121
2525 318
2223 1311
2339 673
758 1203
889 583
2445 1472
2356 471
3369 768
2727 648
2986 191
212 1540
1895 1609
1569 433
2747 526
2455 90
1617 610
1467 1105
1715 75
50 1123
2716 247
3511 795
3199 370
856 343
2807 1775
1286 359
555 691
2743 178
1371 555
2602 1274
852 745
1176 1383
3100 280
2207 298
3465 464
3209 883
2686 387
307 1520
1751 491
2566 20
681 390
3098 97
2314 543
3104 65
2713 1162
2507 1319
1151 726
807 1234
3283 896
1798 29
1662 1408
431 1366
135 106
3066 224
314 1563
1364 1740
276 790
799 762
736 1389
3355 1575
2914 1024
311 895
2541 104
3335 524
141 133
1153 1465
3172 126
1146 1298
1125 843
438 893
2485 546
1581 1149
1818 178
1966 1385
2258 550
820 690
594 193
590 1759
147 425
1474 1678
2052 1821
4 1724
2868 1050
825 1402
626 390
1336 1103
373 527
3317 371
2488 20
3513 701
67 1726
2225 397
2133 710
901 620
2674 1405
2935 1667
219 526
638 1315
463 1112
3197 1352
371 1100
2903 1244
2992 1340
1546 1756
1581 1008
1405 1009
2048 1700
1686 1173
1109 1006
224 778
368 95
55 482
3302 975
49 191
2082 1179
772 904
648 103
2007 1746
914 1136
2852 530
2126 1140
2315 387
2503 1446
1004 1128
1445 780
1025 1615
210 618
3147 1423
1021 936
3017 1300
2311 1210
2837 1491
2353 79
37 762
760 742
2356 1021
812 1425
2601 853
1781 351
338 1434
998 1830
1001 834
856 144
671 983
2653 1547
909 1747
108 915
880 37
2909 1139
3015 1154
2187 1844
2117 1534
1265 894
2232 323
497 278
1578 1536
1002 78
2288 1075
2984 1527
2998 615
1496 1797
890 1621
444 477
385 149
1144 939
1265 1550
1474 196
2243 1426
249 1446
2419 1251
3311 1044
886 544
622 103
638 960
2403 1508
555 916
983 490
233 1566
1754 67
137 1438
2104 694
342 35
2044 1489
460 287
3180 1524
1961 629
1048 333
944 912
2190 185
1821 1645
2317 651
242 1212
2285 207
2539 1359
1207 1388
1468 598
13 1174
1668 617
1848 1631
2148 1269
2150 1455
2166 20
216 1644
2068 326
3391 980
1141 658
3374 1671
2076 63
3194 1844
1802 33
2005 69
719 407
1430 1245
1734 562
2985 282
348 952
1804 174
2792 1393
1605 733
1167 1454
3247 712
582 1149
3045 1289
1105 1733
2780 24
2551 1175
436 1622
234 556
3359 140
611 643
1139 934
2797 559
443 297
1981 1810
4 1324
438 1420
3471 1378
3271 70
2850 1774
285 364
1886 1102
564 197
854 1312
1031 1773
509 1569
1721 1542
2911 271
3006 336
3356 1241
2033 23
354 136
1062 1147
3211 236
1458 386
1446 1310
2424 554
1960 1263
2272 1120
1930 1195
3187 45
2967 107
2145 1621
678 229
3502 1
783 1316
1708 608
727 523
1213 190
3001 676
1477 625
2129 1681
1180 432
2811 648
3267 1190
2805 398
1575 407
393 1002
541 315
1204 1679
3384 522
526 1631
2561 1768
1438 91
3174 363
1266 295
2521 1274
2577 1083
2423 1629
3523 913
1368 1609
145 594
1662 1654
718 1208
1161 1188
1734 837
715 845
4 1024
2381 442
150 927
3286 1453
1939 313
1045 1631
1278 946
2927 1841
711 582
1328 725
1617 196
444 1049
2186 574
1772 860
2942 1506
934 1277
2885 661
1835 652
3078 426
2025 1432
233 1427
3257 440
245 1570
1682 215
1578 683
3047 535
1266 1818
704 834
2958 1570
751 327
1956 1615
2559 788
1689 377
1014 459
1233 1742
3179 1172
3511 485
3464 1005
1915 1743
2226 1026
485 1787
1212 1004
2859 703
1238 598
1577 165
2631 495
2559 754
716 259
1852 672
2604 1553
35 147
1118 1598
1417 1020
610 1710
1144 1640
2850 1147
998 1325
1302 1411
2839 374
2145 377
1815 776
936 1589
2855 1646
2252 1117
253 669
146 960
2522 1151
927 829
1868 620
1017 904
767 819
2909 1331
2840 822
2208 368
2831 1650
766 755
919 1543
193 1570
280 1128
2039 1003
77 467
2644 496
3157 282
2395 1643
3070 1628
2929 1609
1550 1634
1784 1443
870 180
1032 1486
374 988
93 1344
885 350
276 830
232 1255
2828 118
850 824
90 759
1524 1792
1084 1801
3383 1742
2297 592
2043 654
1751 1091
1556 142
1332 1836
751 1741
2420 1303
273 356
3174 131
3297 1083
2048 1110
1684 734
2601 608
3479 1794
764 1733
3106 1489
3395 566
3156 85
1360 41
3364 582
2746 807
576 1350
387 875
2046 1408
1867 838
2599 382
2715 1008
3173 1245
2773 723
912 656
2631 590
2078 703
2313 59
2320 1327
1659 482
1358 1631
558 1207
849 203
3403 996
2123 1731
2607 941
251 1668
420 857
2612 644
844 126
2289 1413
2668 129
1083 1706
130 144
1279 914
1713 1765
846 1132
2390 923
2215 857
1693 1292
1258 1656
401 384
589 989
3098 71
824 807
2360 1171
515 459
3205 1769
2527 1634
1117 969
2252 1511
303 836
527 662
2391 1016
3303 1482
1255 1589
570 233
3460 1484
1016 1829
657 1830
2619 861
2938 512
2336 589
803 1753
1768 1216
515 1200
146 969
3180 1450
1434 1601
2107 375
2410 804
438 1670
3111 1015
1474 1475
1236 1543
3082 198
1989 1600
856 1842
1982 20
865 1535
1090 103
534 457
2695 827
1273 639
1444 519
1503 885
1558 748
1053 1296
631 1236
3236 351
1139 1147
448 105
3220 657
2440 1445
1057 933
3395 712
2412 563
3394 923
757 539
2755 7
2187 448
685 1211
195 1641
332 231
1006 1332
3150 1445
210 376
1402 312
1575 1188
1332 1806
3487 387
1074 1546
1095 1518
195 33
722 594
2792 1486
1752 364
1718 953
3337 1321
548 878
335 1210
1897 843
2365 197
1588 1842
1457 1631
845 680
2347 1299
2425 1377
2413 219
3409 300
174 842
3200 365
2006 1459
3394 443
215 304
810 1597
1201 1066
2740 49
1002 8
2780 1042
1777 568
2707 948
3042 685
1066 1097
186 1024
184 1698
2536 765
1619 957
3063 736
939 643
2385 150
101 1478
467 1407
3248 636
2448 346
2 1325
875 674
3216 48
194 246
464 1361
2314 811
3118 629
1323 617
358 1697
3447 888
2529 904
2053 503
1375 28
493 512
2548 271
197 100
2839 1581
2701 610
1393 1021
3434 874
2673 952
1952 1618
2831 464
271 1576
70 1615
2594 555
2761 1267
2573 1272
3404 471
1753 1779
2835 1039
2452 771
2955 1763
3262 656
3515 1113
469 92
371 1453
3006 1596
2049 1798
1846 1172
3361 692
2980 242
959 71
2276 1014
2519 455
750 840
3053 1089
1044 813
1441 1071
954 354
2992 120
875 928
1129 1319
107 1758
1705 948
1423 1237
320 1350
1276 1023
1557 1636
2424 1482
374 598
2985 236
1305 1594
2207 176
1821 740
3470 750
1015 754
482 1331
2799 406
2364 1499
750 43
3118 523
498 1726
2362 420
501 696
3020 986
921 1190
1351 1066
1536 58
3339 218
2804 1474
2482 705
861 1633
2760 1837
3142 504
2951 1051
1020 1794
2808 428
2331 98
1739 562
3244 700
207 1716
172 528
869 1202
373 69
1306 1005
3506 573
235 1652
3283 526
2049 31
2598 450
2623 355
2740 1191
2188 996
486 1826
109 1745
398 255
1769 124
2967 1050
3217 1702
260 1736
2379 471
2553 1747
3146 1274
1999 1335
1953 219
2540 1196
2420 1275
3157 989
2828 105
3425 165
590 819
344 1791
1533 1098
3036 471
1006 56
1746 1659
2886 929
2892 359
535 595
2405 768
1575 36
354 427
337 357
1142 1287
3275 1637
1570 1688
1573 1786
1911 1506
1651 221
3067 794
1003 1049
160 1011
1501 1188
2333 1768
1397 1545
968 1505
288 637
3091 1776
3367 1480
1579 1505
3442 1025
1254 749
383 748
1349 1370
3198 313
3484 1041
2300 279
1415 1013
2500 1216
762 1071
90 976
1350 1278
2376 1215
218 1101
290 1766
1296 1264
1010 1800
1499 1313
332 1754
1274 1035
2324 1001
1092 112
1008 1252
2848 865
2384 549
2766 230
609 1759
2284 158
1893 1525
3343 1785
3175 1000
2272 854
3405 1341
2190 1406
1737 372
1676 967
214 815
2996 1425
414 785
109 909
969 1270
31 1347
3508 236
2106 809
2710 964
2874 1194
3058 798
2905 1414
330 295
1469 79
1768 1568
2164 1582
2840 601
867 1078
2461 704
2198 440
2503 709
1917 1418
1671 677
1501 109
3422 1560
239 1474
1229 160
522 1619
2625 1723
2592 1481
640 974
2170 1502
495 583
1552 148
3017 1829
3086 776
769 74
13 1228
2946 1257
1991 1090
3327 611
678 624
3090 720
2167 1711
756 1430
3288 389
3126 1485
3434 607
2315 391
3273 1547
2740 216
534 375
2116 1694
3418 42
2934 1795
2313 788
222 1798
1157 1036
2211 1821
3078 491
2628 1354
3450 422
1829 1170
1698 3
852 1843
680 1684
1526 1446
2623 1021
2905 1153
2536 392
1629 1752
629 71
2230 563
1763 581
396 1624
2737 1789
887 1610
2405 1234
3160 635
3187 1667
3157 1544
2638 510
1502 359
3046 1285
2907 1027
179 1507
2405 953
1638 296
571 1234
462 964
2184 326
51 1332
1413 1290
1776 233
324 1481
2104 1662
3525 1505
1192 430
1898 695
45 971
808 560
2729 877
2817 842
486 1608
74 1094
3500 1725
2184 611
1249 959
3109 1369
265 537
530 1705
2326 842
672 909
1481 1770
3329 914
277 1372
912 1650
3306 1531
1910 322
999 593
70 1236
2951 541
3270 1518
2739 320
55 388
2282 1059
457 76
1348 510
2621 1604
9 66
1477 202
1100 673
490 508
3194 1628
1021 1588
142 1587
2357 1842
2234 410
2683 1110
1671 1291
796 554
1318 1541
499 934
2175 762
634 929
3499 100
1625 1341
975 1606
3515 1067
2338 361
3176 698
1683 913
2019 1588
2087 545
814 1553
1543 511
3254 1638
1773 463
1428 621
3357 322
1500 1813
447 596
640 1640
2007 8
2394 84
2589 1008
2717 1405
3193 641
2275 402
3115 141
1181 922
624 1288
3493 73
3432 1746
1118 1802
3130 1114
2229 810
2202 1117
784 179
3116 381
961 147
3466 543
1599 379
2398 742
265 1422
656 447
700 1102
1117 419
3346 649
3041 865
2079 1012
87 872
2786 1152
1072 859
1171 378
1756 1383
1370 948
2622 1787
1693 1702
3178 1601
908 1035
2488 296
625 1684
3317 320
2136 1292
2783 599
3162 1358
3509 293
602 879
1255 1257
368 600
1897 899
288 194
3487 817
3178 1665
3469 153
2760 1603
3162 1767
1588 971
896 1308
651 1421
310 1635
51 514
1006 1010
2740 1716
1903 332
1691 779
3196 1664
1166 1194
687 958
845 1490
1194 1604
3153 1259
399 876
1140 48
3003 706
273 1739
458 45
495 1008
526 215
3484 902
213 1735
1451 1549
217 888
213 930
707 1648
2266 382
2701 663
92 1070
2409 61
1157 577
2133 1136
1659 1683
3078 921
2695 1409
757 1165
1172 285
1732 1025
96 331
2348 1678
1665 338
2247 1545
562 1560
1990 764
2111 1227
712 115
2515 1087
180 1262
2858 1087
386 1788
885 84
1919 1276
3386 572
1664 1487
2565 1437
1740 1712
2889 1769
575 915
2176 506
1294 735
2984 200
1469 1209
997 1766
2853 472
752 866
1025 1367
2166 655
1696 1663
1173 466
163 87
2496 1145
331 178
793 1510
198 1302
6 1433
250 454
2200 966
3453 1019
2236 630
1263 1734
1611 446
3037 278
2069 745
54 258
2129 482
2256 394
1480 1294
2103 1102
192 1578
617 1813
1417 1262
2837 1577
1697 979
1938 1407
3248 978
2187 1192
1013 996
2612 1286
716 1235
1975 833
1558 136
777 1598
3335 1334
181 1321
2219 828
548 1641
1448 675
2821 238
387 99
2788 1295
1386 1156
1841 954
3012 1466
1942 164
2603 672
488 382
2161 450
901 999
2922 720
1543 966
1302 1223
2412 876
999 362
1408 567
1387 783
916 1840
1756 1630
139 1470
444 1096
1634 239
3504 214
2325 1109
3210 1633
638 598
3286 1095
2132 1619
3050 1373
2180 261
149 698
1368 78
2367 1118
1129 1172
1806 1357
2163 203
2120 268
1422 1581
1440 1392
1178 904
2070 949
1497 16
2204 63
1357 497
2788 484
546 82
1026 964
2762 1558
1347 1467
1057 1677
1161 583
1726 1805
86 38
2704 1199
281 16
1312 1054
1266 1529
1038 430
1064 1064
2497 6
979 482
3123 1222
2215 1087
2309 1782
3371 610
1868 343
2144 1034
3421 863
1470 829
1541 1261
2021 168
843 1726
2041 50
229 46
2873 353
843 807
1889 1035
3105 1280
2808 228
125 819
2990 831
2830 1213
639 1279
1222 1489
1341 618
138 888
1631 153
2410 1012
48 1269
222 1795
201 1001
3294 1150
104 712
3228 469
410 1603
201 70
2383 596
2214 1843
3157 1169
1868 586
666 840
2435 1398
1471 405
339 1365
114 284
3476 1756
1048 1788
2287 239
1389 1220
2099 607
377 1615
1961 1429
1224 708
1314 1176
2896 1165
1626 1835
3524 114
2682 883
2506 431
1309 134
3267 1217
1460 26
1569 330
2004 1831
3375 383
3259 246
877 315
2462 238
2060 1025
3447 81
2001 1369
1609 1325
3394 1136
2115 737
2375 520
3044 388
1788 1237
198 417
1601 842
2543 1153
2372 1297
729 346
3 1174
112 1772
3492 1829
578 545
2738 721
1838 1076
454 645
2576 1135
1005 140
1880 1184
1505 794
3099 661
1146 1719
3035 1122
850 1540
274 280
2476 1588
321 923
1907 1476
3270 1349
2949 1663
595 662
188 917
490 1504
2706 224
2736 1654
3304 596
3516 1513
1592 398
3511 794
3158 1230
3423 1053
1564 1745
3492 92
2753 652
777 440
818 14
2074 1400
1395 1581
383 1599
2426 1211
3222 564
3440 1595
2847 706
1376 1047
1097 47
168 1725
3227 984
1775 1824
2212 757
1264 714
559 1443
1671 118
620 1824
3351 1236
241 1038
970 542
241 313
2294 162
463 278
3381 205
229 492
2784 1007
607 86
2881 681
2939 1542
818 473
114 143
1567 639
1693 170
2891 780
3388 1234
2759 1468
420 1142
2363 1473
1079 1285
999 1185
3322 720
601 1146
2045 592
2637 1502
87 678
1249 174
2780 1524
1308 225
2255 699
3299 1358
1806 997
3343 823
2305 1328
2624 977
1028 1131
656 1089
793 580
1576 585
3373 627
1629 997
1840 308
3163 1588
1648 1615
2166 1275
376 1793
1709 1048
63 1029
1542 1801
596 12
3315 1085
2867 1397
2935 1555
2463 861
3195 63
69 130
1005 410
285 1486
3459 462
558 922
1152 1718
398 1602
2653 1740
1463 1586
632 1562
2 1437
2261 724
223 83
1043 754
1348 542
1763 1221
882 541
412 243
413 630
801 256
8 466
1736 74
1549 1403
2288 1389
2741 923
764 1186
1366 1314
3083 795
639 1030
343 839
3426 750
3182 818
3447 751
1415 402
1315 1768
553 1005
171 1655
1290 917
1317 828
2667 1093
2230 1700
2892 232
508 10
2542 1448
447 1810
765 631
362 387
1919 170
997 1411
1364 1458
568 1639
2217 1135
1671 140
1672 75
1030 546
1547 808
1250 337
162 370
659 992
1905 51
2702 950
1050 661
3439 1248
1945 1493
1554 1393
1710 759
3060 1307
639 120
1005 493
657 78
645 1787
247 923
760 98
368 1826
536 360
3046 716
1136 54
1 1261
795 450
816 183
1300 1757
2547 908
288 640
3351 947
1128 1009
2925 570
836 152
1395 1618
3378 181
2437 793
3139 249
1265 726
3505 1502
1356 346
1493 1395
4 828
1224 603
383 954
2834 243
1143 1509
332 64
740 1276
410 301
1399 550
3347 1558
71 1524
2388 311
53 693
2206 746
2762 464
413 21
2548 407
200 110
3167 1755
2516 529
1472 692
1004 21
1939 720
3438 1123
1522 136
2775 279
1517 1255
1808 711
644 77
3332 1599
3522 874
2605 1640
3384 1685
3522 1486
1820 437
1540 973
3375 636
2940 1328
1845 197
3074 1588
2362 1114
63 1060
2824 246
692 1383
2982 795
2162 1282
738 1098
333 187
1713 1208
708 1317
1137 1088
2320 1326
3193 1123
3363 1455
2981 31
2338 101
2159 1420
2981 768
650 769
2983 1429
2618 708
2482 1186
3172 679
1180 327
1285 381
3197 381
1560 873
947 1460
3048 160
1142 213
1595 369
2558 383
60 181
2326 885
1027 485
3465 522
787 832
836 1592
1928 1805
2702 1376
2137 469
2859 1828
3376 840
379 198
3460 783
3021 1686
2974 1051
2743 1824
1281 873
2557 992
939 1359
3488 294
1766 522
1003 1533
570 899
31 1515
995 1486
842 941
1154 1511
1003 1758
1635 781
651 1334
2594 895
1404 6
2607 88
1205 1557
263 578
252 1518
706 492
2860 879
1816 596
547 1113
2053 1400
1309 1656
2243 1336
1974 1415
230 1142
1376 154
2266 262
2282 657
2117 1236
205 1239
125 536
3223 1215
3518 1149
2697 154
2885 257
1160 888
1187 1290
3173 786
2892 33
3363 1332
733 1396
223 847
118 1502
570 1214
3030 143
534 955
123 1780
94 1324
2535 1695
129 1821
2720 192
2930 1364
1214 1006
1393 28
897 947
510 1049
2695 35
3047 627
3319 458
3408 1383
3485 65
3294 637
2082 907
922 862
2273 933
1018 1296
1751 83
2257 282
1211 1288
2786 1182
2495 1049
3288 1332
189 1485
1753 1134
1541 138
2746 758
1746 1590
1912 883
2143 1175
476 41
3174 1105
1108 87
1592 382
934 364
1408 1720
451 431
278 1616
3511 691
3381 718
2281 707
204 363
316 1333
431 989
2750 1347
740 21
2001 987
1428 679
2501 1025
459 668
22 768
2820 1280
3182 76
1355 434
2100 1778
815 397
1953 1114
2202 28
106 1484
2830 1600
620 841
2939 569
915 661
3233 1165
568 852
2432 1807
2133 1082
3328 1346
2241 964
3389 1070
3240 456
1287 1821
2918 393
1235 434
2361 1036
1480 633
2801 275
2319 284
481 176
1558 26
359 475
3461 1140
1020 644
241 598
2529 1404
2664 1713
1503 974
2442 1464
1402 500
3431 1537
2069 377
639 1170
1555 1032
721 688
955 261
2885 768
1473 1502
748 271
342 1508
148 342
3090 758
1291 1784
2335 526
3158 1655
1328 1240
2269 742
1141 330
1513 1542
3350 1687
892 922
377 1509
1974 1745
2473 1262
3065 158
1435 1065
895 968
1988 476
2913 324
734 1801
2289 512
487 967
1693 344
1598 431
3430 410
2043 214
1161 1241
2099 728
2301 549
3263 705
3417 1819
3045 1010
3109 1597
1702 1186
3275 1754
2641 126
1878 1414
1497 573
3101 310
1250 317
603 311
1479 437
777 1741
2699 1394
1692 684
3300 102
2089 608
1590 408
3448 1195
2964 1338
1214 1311
2631 853
799 267
517 1452
2583 753
1247 1000
1435 860
2617 429
424 1228
951 456
421 629
2033 298
1881 846
130 612
2595 1283
636 1166
3099 1101
1483 1675
3331 815
2338 878
2357 524
2611 9
2236 1662
161 723
2055 971
2605 228
2395 191
1804 524
1385 992
3260 961
3161 517
222 1738
1183 1592
3126 151
2612 1686
2574 918
2383 1375
3071 1618
1662 1237
2641 44
978 17
987 1595
1651 1049
566 1344
1232 869
1805 1140
2608 280
1144 689
2744 655
612 1302
1903 1566
2659 749
3377 791
64 1105
453 1435
1169 241
3428 788
1722 1473
2053 1807
3355 395
1979 1273
1464 1711
2856 306
2880 1594
1702 1086
1697 300
697 1728
1412 1213
3011 41
1317 838
1737 506
2770 458
1951 1353
2481 317
1005 704
2022 17
2878 888
1090 1364
1739 1601
330 1570
3166 1151
1852 1205
127 1432
3284 1826
1325 986
3077 58
97 599
755 1462
2357 687
371 318
870 1572
559 1724
3281 1064
1580 1114
2538 731
1676 543
2770 1569
2161 1153
3156 555
44 1281
592 572
166 320
1086 1130
1317 1346
485 1205
732 1703
1099 885
2260 1034
791 1531
1783 24
454 1330
634 663
3470 675
1862 43
1974 1310
1163 1220
320 1505
2856 444
1059 1662
1417 742
1727 1579
2966 1330
2826 1677
1014 38
899 1139
214 1069
2390 815
121 119
2782 1641
846 1615
232 505
3405 246
1981 1114
434 1730
954 718
1790 1048
1030 1808
1760 1123
23 457
710 950
12 1638
2989 1340
1837 172
1665 1788
304 831
1545 1793
3463 1725
575 1197
2223 1713
1973 630
2939 1509
713 1824
2550 1401
109 1243
1057 958
1548 969
115 118
3302 603
1383 876
1987 813
75 702
955 966
3168 1494
2735 1018
937 1459
1086 697
1664 1191
3036 1600
2971 693
818 503
3500 581
332 1413
1659 432
3372 1141
2332 73
2825 857
1624 870
3292 236
1890 687
315 1572
164 207
242 54
2520 343
41 972
380 1411
2767 1245
2050 916
2674 655
2182 553
2674 1225
966 1326
3038 1621
589 153
2903 1356
1585 1429
1619 597
69 1553
1707 396
2385 855
1619 1287
2521 9
1335 675
3366 793
2685 1057
72 1155
3010 1575
779 1177
2940 1521
502 1437
2513 1610
3446 1310
1888 1217
1569 1796
3356 1087
224 682
86 300
2957 1211
1295 757
509 287
1663 1305
574 326
415 1088
2656 1024
3377 866
3479 1319
3337 1637
2168 48
2479 622
1720 1196
799 1165
1213 465
737 1447
415 490
1235 558
969 325
2676 844
3015 18
2507 1211
2668 1148
1098 751
1652 557
640 1755
922 867
2625 874
2907 911
2576 1624
1567 1446
2204 1094
1472 281
161 356
2010 1230
1563 614
3361 1050
2105 842
1399 1476
662 1243
946 873
1661 1428
483 1225
3334 859
1652 952
2574 934
3502 1330
3097 961
2461 696
1097 209
793 184
2396 1573
2335 944
3273 626
1270 1520
1622 231
1570 591
2706 1752
1621 89
1728 206
951 294
1055 1292
1847 1213
2412 1198
1615 647
3044 633
1483 691
3028 972
2012 703
1819 147
1289 393
964 1202
1929 594
2490 743
2921 212
2703 702
1189 1242
2402 650
431 848
1867 1121
933 1754
2606 1587
2888 1665
1577 541
824 981
3237 1097
1827 257
2093 1298
1801 1155
3081 52
990 1391
1360 1027
2925 696
3095 57
890 494
1785 1801
3088 519
2366 1484
2766 490
2039 1575
1260 520
1906 570
2038 227
90 223
2892 617
2562 642
3474 355
2856 1549
3348 240
2055 1110
2348 1438
490 1757
2188 709
3163 256
993 1751
724 1435
443 1067
1194 663
899 1532
1269 1833
2800 292
2268 212
2126 251
1061 722
543 523
2450 1060
2748 747
442 15
471 1120
1111 272
1637 12
3164 1673
3476 1471
1466 1442
56 483
1533 817
2116 931
1218 185
2269 596
2381 222
1643 1049
2224 42
2995 1708
2096 967
443 1789
3039 450
2762 1527
1908 474
1453 235
1094 617
157 369
270 872
1352 602
3031 556
937 521
2580 526
2165 760
2988 162
1821 1517
3283 733
1009 466
2737 310
709 1387
437 108
2869 340
3115 463
482 505
216 1462
2629 607
2917 668
1022 1422
55 1278
314 552
2262 472
1220 169
2382 1282
606 159
2462 408
1643 415
152 99
3297 1343
3034 86
2615 91
1924 585
62 947
3430 1125
2694 1071
606 1650
65 96
289 706
2311 560
3038 1518
2746 634
1396 1323
3332 1001
3327 937
2365 1296
3014 968
2687 1097
2865 98
396 371
2357 1129
2767 672
2486 157
503 262
3456 1579
3454 1643
2769 206
2932 1552
506 1066
3065 431
2381 1713
374 1658
172 255
2165 1028
488 1352
3500 1675
749 445
1973 1480
1111 1265
2194 1670
3482 1190
659 1387
2236 462
2674 1127
2541 1583
2121 996
1771 518
267 835
1133 722
195 287
337 511
290 1466
1556 601
333 1516
1124 1683
2758 659
2981 803
3106 545
2396 361
1427 1423
2271 268
190 423
3199 966
2451 992
2593 1213
2849 142
1954 1386
3011 675
1530 712
3448 1452
520 131
2132 977
2449 1390
1892 1381
2334 998
1216 649
776 181
3490 1392
1518 991
361 1602
1630 114
214 1169
383 1564
2258 65
1598 649
2336 289
1528 1007
949 774
1861 971
3449 1604
3378 1651
311 866
3445 512
1892 821
1260 577
1236 338
2886 239
2213 1671
1657 387
2126 1080
203 1299
3254 906
1878 941
883 186
2058 453
920 911
1521 1540
1833 680
2018 1160
1744 228
441 51
1262 1131
2794 456
1718 162
3268 1559
3321 55
286 86
2539 505
3182 745
1625 1523
421 1248
3409 1336
696 219
1997 1598
36 1670
2065 58
1619 1764
646 1825
76 1398
2723 185
833 1574
3316 1693
1234 1347
1556 164
2648 677
3238 511
3453 767
112 1441
434 1595
2128 794
226 134
83 424
2046 757
2719 1019
2667 1595
1887 502
3086 1470
836 1514
3011 981
1529 1468
3388 352
872 1703
3450 967
1671 676
2416 938
58 764
2104 1434
116 1049
2007 174
3225 1054
1857 517
2455 24
3103 1414
1319 406
3118 245
2583 1465
2090 885
846 1091
1339 181
2084 1662
1951 917
1686 55
2125 1594
679 1358
583 219
888 547
3122 253
292 739
3214 1270
3441 885
2091 1742
2685 1280
139 1106
1346 895
583 1722
3503 520
1003 389
2609 198
2844 1460
3027 1177
3206 274
2273 842
199 799
1529 1257
168 1441
1215 181
2252 1574
2285 1238
3231 1845
901 906
2166 620
1499 1676
786 1353
3244 194
1139 562
2617 1738
3203 570
1106 1443
769 409
3223 408
1821 1288
3499 1527
2927 1462
2107 1576
2194 853
13 1579
1726 244
2185 1483
1738 162
1112 1673
2372 1198
1417 1447
2494 1212
1243 1545
1958 1775
1908 1250
441 279
1612 1466
204 813
2166 425
311 164
2987 1621
1087 571
1989 359
3327 959
2893 1727
3090 1821
3523 616
294 989
2887 463
2901 1676
1609 845
2720 157
862 798
2644 536
3424 866
1760 1192
1838 949
545 39
3226 352
1627 1349
3236 1205
797 1599
3201 1406
78 1749
1199 1769
2274 1380
2147 846
2508 1311
1612 1330
325 1396
2158 1474
3024 329
2550 281
2309 1282
344 1822
863 461
2595 123
2386 330
3257 783
960 1499
1174 1263
3429 708
1268 1826
3372 216
504 939
990 1113
1639 295
3387 455
1272 1493
690 388
2468 1603
702 1269
45 1833
1141 1716
2615 158
1501 362
2573 10
1843 95
1374 902
483 370
1899 33
3288 1397
2533 1551
3227 838
1381 1727
578 429
2584 837
3180 910
1363 177
3284 1684
2670 1092
642 954
1016 631
1111 1752
431 286
3036 1595
392 1736
1187 1013
458 1232
3028 979
1570 826
581 1296
1126 273
1229 11
300 10
2728 509
3052 418
1782 1677
1447 481
2430 386
3313 192
3113 903
2442 53
2147 472
3313 142
1920 1607
335 386
2308 533
1247 146
1352 1170
1105 285
3526 61
3493 79
999 399
2554 231
1083 381
1800 1393
1284 1201
2692 596
2722 1208
1220 1589
649 476
3251 993
965 1835
999 37
2728 884
1993 206
2787 1636
1131 1818
2731 322
209 1718
3500 1401
2686 1237
1422 332
230 926
2590 1028
870 411
2611 1412
516 1234
3040 630
563 1445
3081 806
355 1587
3343 521
2264 1301
1356 347
1538 1702
2066 1623
1940 552
2615 865
1139 1373
1732 17
2287 1159
376 1335
2413 1382
2957 1057
732 1267
3187 1113
1733 634
1292 1168
2454 1677
128 1717
420 1765
1498 1135
2064 557
2118 283
3212 406
2418 861
3323 968
1774 911
922 1698
1401 1475
3435 1818
1299 240
1758 96
1056 1115
2206 1215
1574 1084
2363 1619
2849 1426
3292 636
2943 1810
91 1085
2660 15
2632 1437
3291 1210
332 1812
127 672
2765 65
3192 1843
2394 1393
1914 255
2646 1216
62 1106
315 699
1597 145
765 725
2987 434
1468 745
3220 874
2248 1075
2390 190
969 307
259 140
1632 1602
2402 498
3140 223
1817 1614
2780 1553
3147 1322
911 631
3372 665
619 148
1341 106
2644 1671
3294 1795
3299 799
2634 1680
395 199
3382 1559
817 1415
3135 1521
184 303
1289 1705
1230 235
1118 712
2792 1322
519 1689
2328 1753
1563 493
1559 970
2206 1031
2842 1762
3102 60
2465 746
1819 785
3396 868
1396 21
2458 1138
86 492
2155 1437
3518 915
3389 54
2370 1797
3176 1777
1454 1129
3333 569
317 913
3256 1021
1404 422
169 62
2551 1002
2116 880
1417 316
146 1702
1958 867
7 68
235 123
1284 1436
1029 455
2924 43
1433 943
2534 374
2018 1757
2013 1803
1037 163
2564 264
2142 755
3506 1309
727 1100
2499 708
1712 1041
2119 131
3485 263
21 1523
365 1249
540 608
1798 1544
2226 282
703 591
1516 1527
843 1746
1694 1496
3427 1272
1698 1206
411 1741
2284 45
1899 1154
2700 696
3273 1664
2992 690
1558 859
1015 1225
144 154
1991 88
3518 1744
600 1379
3047 725
1430 1551
1124 1012
1133 36
3096 390
606 915
1814 520
3419 948
1960 1514
579 1546
2762 644
637 637
3398 513
1083 1228
501 480
235 1283
2220 457
819 1831
3316 626
276 1052
2918 633
505 1603
3187 260
553 1611
1809 662
1315 1004
876 955
2423 1255
98 254
1389 1521
2300 1014
531 604
2478 1164
1390 1185
2899 857
734 218
1255 357
2338 745
3118 560
1725 1812
1481 320
401 1089
1032 1421
628 681
989 1089
1228 343
2462 1280
600 1770
2525 130
153 961
1242 553
3421 383
1251 855
1154 1694
653 22
1036 704
641 1768
1081 1664
2006 947
1220 648
361 326
1973 1201
92 1013
292 336
3203 1188
2001 575
2848 417
737 1481
758 357
2683 18
2099 1161
729 1299
579 1196
2372 978
1120 1655
2466 176
2152 234
2940 489
1044 288
1987 1616
2448 399
168 1784
2499 238
1312 473
1664 139
597 1555
1579 1457
2777 739
2620 750
802 1204
2518 247
914 370
2214 394
2182 329
1481 11
821 709
342 1670
197 222
777 1309
2595 1350
1832 1720
1054 48
1232 967
2712 927
560 957
1257 299
791 1837
3055 102
3221 390
2144 1621
952 585
1324 682
3083 393
1659 457
815 93
1319 1010
1936 1244
1030 49
1556 811
1715 1008
998 278
1344 603
1133 183
885 236
1733 1261
141 1034
879 119
3255 1119
106 136
2701 1040
1409 23
3078 902
3004 1440
3282 5
120 1633
1372 999
2106 1316
2731 1037
2224 777
1901 1070
309 1330
42 1059
3006 1231
387 1522
2101 331
3162 276
546 252
1874 1541
3167 609
450 1579
288 1330
894 1086
1222 1793
665 845
662 1831
216 758
1076 1841
405 1840
3475 433
312 1415
2097 514
979 666
337 1537
2068 1032
2008 1547
2690 892
1204 693
120 1489
2000 1000
3142 291
2637 316
1968 1604
2383 185
1264 1404
3463 1659
1994 823
1267 51
693 786
1821 1705
1320 1728
3245 89
2403 1752
1566 356
3276 561
1045 321
838 226
1765 1263
938 963
1282 392
1856 1617
861 798
3482 627
3379 29
375 1108
2068 677
1882 1752
2025 1817
922 483
935 503
1566 1027
2155 1235
2723 1699
2574 158
1595 1354
1389 1410
559 1359
736 1404
2649 1615
2375 1240
841 407
2545 486
1697 343
2787 322
95 1537
