1249 1999
1656
582 1274
663 49
506 1863
1149 1340
1208 1354
433 1185
424 1809
618 250
1188 1078
1222 994
701 1893
745 1047
375 1944
988 64
782 1506
740 712
1073 1813
1097 1129
70 1821
442 1968
191 1396
405 1071
611 1019
918 244
716 665
961 1418
417 1591
1032 557
557 1410
552 390
1246 1579
1215 49
250 1114
697 1758
922 1327
204 1749
430 1373
238 767
85 1716
767 108
784 224
382 1825
276 1716
553 1913
1222 453
800 288
879 1141
1181 1519
744 583
262 69
799 625
760 1657
113 1635
5 1354
876 473
62 371
434 851
842 1101
90 737
1124 353
1128 1468
1065 597
1061 1891
1214 771
1230 260
855 1803
1026 723
73 1826
368 734
1219 1573
421 234
1001 37
1132 343
842 1783
601 1183
1240 50
1030 1321
76 1283
1171 994
691 755
709 851
742 427
144 552
191 649
791 855
1092 1821
1001 1656
220 1930
1031 1909
1186 1486
807 1231
774 947
794 854
288 1230
971 839
26 1176
1048 1578
103 1268
818 541
118 917
1212 1121
946 892
217 500
708 1929
770 1490
32 1824
1189 1374
223 666
28 899
994 1317
441 1647
743 1877
635 67
603 1748
303 1956
1077 1342
1045 1696
1238 218
1101 1180
1205 334
601 1661
487 938
577 1495
700 1858
986 1781
496 11
541 1355
676 1630
1099 1016
188 1007
58 151
1153 1958
1233 446
282 53
785 1559
82 1831
1008 1392
314 299
376 395
20 1099
99 207
235 1974
347 218
476 549
331 1038
376 910
715 585
127 310
18 946
1061 1980
480 788
663 1575
863 1638
869 1207
481 921
1016 728
819 1795
87 696
107 1732
611 124
1246 103
880 352
627 159
714 356
540 1070
910 1333
747 1029
714 1603
308 680
625 770
144 1043
452 1089
677 674
321 380
681 44
961 1988
613 912
1032 817
780 1526
1134 1536
642 621
808 1919
1218 1187
121 355
529 519
675 778
660 542
402 67
509 424
181 1869
988 1666
1067 1182
920 1421
1033 1723
1064 1862
221 1902
522 876
646 85
901 1473
180 210
991 337
392 869
191 1773
373 1863
1161 160
20 902
900 904
1231 1491
2 1914
558 1870
986 1908
991 1275
1080 766
966 1221
96 1116
1025 870
332 588
898 1593
730 1331
961 336
624 471
1225 1320
995 1835
687 637
157 398
894 1306
1232 905
1210 163
263 921
857 1667
979 24
680 1591
604 668
1037 1562
138 1392
362 721
893 1727
689 1002
814 1787
323 1127
554 1880
218 631
1128 80
1078 1375
344 446
1167 765
90 115
1244 533
578 1803
371 1894
684 1570
227 1829
1146 1599
45 866
1089 229
89 857
258 1105
81 1045
875 764
1000 1466
674 156
305 659
240 1237
46 1907
455 1013
382 534
676 1447
303 963
1122 1424
489 407
482 1185
515 285
878 457
464 1572
989 737
578 1804
1135 1209
960 1935
896 1344
330 674
119 511
250 219
527 1882
456 1144
678 1129
325 1415
490 1755
991 1379
949 356
987 858
156 1169
621 1515
1105 1910
821 450
80 60
559 1341
856 1940
601 1271
531 330
1220 1930
293 1769
591 54
207 1750
522 1607
328 1834
631 1510
981 1315
814 1577
310 1008
191 667
512 624
1003 218
792 272
1196 650
1039 778
591 998
264 857
606 1806
293 890
944 528
1051 1459
944 752
100 434
708 1825
554 1249
361 425
713 613
376 952
974 967
643 734
625 1053
1115 1984
494 509
794 1755
15 1332
837 1755
259 447
1005 1768
663 1270
741 415
538 1468
940 1974
392 1124
1185 1233
1076 1063
902 342
1083 1196
759 1115
1138 858
692 1814
257 1954
811 907
454 350
624 1021
822 332
604 3
144 1448
319 736
482 745
307 324
715 1399
573 1843
235 1607
640 1424
374 774
12 1255
423 404
104 1907
829 769
719 423
1045 240
742 1736
246 213
858 1480
674 1642
366 990
543 1877
581 593
360 1084
229 512
625 1449
935 399
1178 1053
464 1477
927 527
990 1844
970 16
1178 816
443 573
739 275
280 1750
1212 461
261 1638
81 980
14 1083
1155 1855
510 1499
351 1561
139 1809
975 887
918 977
673 567
987 353
212 1950
316 1356
279 394
855 437
7 1619
173 1721
957 1374
169 1630
811 561
18 1577
389 896
254 752
1132 1985
318 1811
754 1378
520 1688
981 376
346 601
806 1133
381 955
830 1901
129 1940
849 1480
1001 119
382 874
324 1735
629 1932
287 1252
315 637
889 1142
923 976
1087 475
738 340
466 1152
991 1489
510 1817
304 433
1078 1045
706 1007
174 166
165 1486
954 1492
266 1374
515 1742
315 467
824 1616
782 112
685 1398
349 749
259 1102
290 1813
421 116
287 245
545 1331
173 352
187 1263
369 308
1028 1659
832 1918
557 642
697 1932
786 23
217 88
434 541
410 523
573 1821
251 1869
896 216
559 604
471 998
214 199
515 1837
726 796
658 1178
176 1086
50 384
551 1952
796 424
1174 880
1084 1416
454 244
307 785
1110 1241
124 595
926 611
295 1970
375 1058
1181 624
617 1249
997 1112
1173 945
664 468
448 1983
728 1331
468 1798
629 1040
1170 1409
692 771
14 391
425 1829
373 1156
50 1332
1199 890
1153 45
326 1847
218 897
489 1525
832 926
622 488
775 720
804 1176
291 177
560 1713
994 1785
589 1364
340 767
1027 1261
955 656
455 1259
724 592
999 1029
1018 862
868 731
686 685
702 1041
24 1734
1199 1927
892 1160
946 1736
718 1183
610 1890
43 1239
137 682
920 1084
257 685
72 442
89 1747
1074 1473
892 423
159 940
88 693
485 1865
1070 242
4 1404
245 1852
514 793
1096 1559
92 746
31 219
1151 1821
438 169
275 1405
1039 229
487 565
157 875
429 1639
870 1811
474 1711
1025 1049
1239 317
291 1427
138 1505
753 1230
227 462
1062 1089
687 798
582 288
479 591
886 1941
1009 972
1201 329
1042 934
309 1581
1082 604
904 1123
683 1922
937 1257
821 1530
913 1338
1235 1737
977 1634
1233 1245
478 1836
339 27
548 888
572 1276
304 451
846 596
642 1881
911 1214
1239 657
872 1971
417 269
956 1216
481 341
1150 917
474 1792
846 1637
40 429
546 1038
1221 953
53 1651
201 1345
1068 32
1077 1696
152 101
560 117
96 1531
1051 60
482 922
731 412
252 136
946 1186
202 3
1191 1096
1134 110
528 1462
1097 1632
488 1548
1049 634
203 361
836 688
198 1949
936 1329
44 1662
854 1502
731 628
725 381
1141 248
8 1079
516 540
1155 1864
553 504
1227 1607
256 39
290 1692
708 1684
1050 242
1041 1938
996 1615
481 316
1090 588
53 807
706 527
765 623
92 363
1116 1001
937 926
951 393
284 816
782 726
511 1363
476 1821
800 1943
1109 1841
1164 1589
1186 64
265 1072
803 712
1103 1038
274 1104
173 1757
901 1858
517 1170
61 599
516 598
874 1923
80 1274
476 87
486 1454
681 1218
181 250
1059 1125
524 1276
725 744
611 1576
1213 1432
972 1511
356 1743
1184 184
243 470
186 396
1 1467
611 1145
1063 1129
845 1098
713 1807
394 835
419 1117
174 1167
180 1048
319 1980
606 296
406 1794
431 1400
1204 1683
255 660
618 1923
829 771
1088 1745
886 1016
918 1706
1210 1300
169 886
124 403
471 1459
415 1901
757 525
284 884
939 156
959 1917
8 555
1142 113
1189 793
647 1949
616 868
90 1199
309 1834
363 1874
1169 301
558 1920
63 758
250 1142
779 1567
296 888
541 174
498 1430
1111 1901
1011 1586
1218 266
224 1428
930 239
278 549
79 168
722 1497
754 1122
415 436
732 647
1023 1790
1063 531
244 532
1016 400
463 1579
1202 1803
907 453
883 1213
757 1204
1020 1852
617 158
32 1187
617 1985
745 1298
42 889
533 99
465 978
181 813
1057 1732
1092 1997
161 974
211 1453
687 1505
145 1191
122 1527
414 561
690 817
543 771
693 804
586 1124
1194 1978
122 1094
587 1328
281 447
850 1958
821 699
865 1572
1042 466
916 499
683 1698
1034 1466
308 317
187 1179
918 310
1147 1217
1097 1969
673 331
510 1856
958 1627
1171 1331
249 1854
249 969
420 1638
1172 1595
405 860
1113 196
927 1533
1165 284
993 509
198 1551
1127 288
574 1429
1134 551
1197 1524
520 856
216 1965
82 1780
1139 1305
794 1580
45 1346
1206 1672
816 176
712 580
1059 381
7 452
1106 1264
273 156
1195 1344
567 1945
716 85
1233 956
1211 5
896 852
90 1333
396 1722
205 490
1063 1152
186 220
819 706
212 1070
721 879
730 1330
1130 1017
443 414
959 54
1181 295
336 1862
1067 1228
951 1256
1068 1285
997 87
865 1214
244 1175
590 1371
67 1861
526 1549
623 1384
873 301
615 567
773 1073
51 1540
1210 763
760 1797
764 1059
969 293
764 1678
682 131
771 546
482 1534
361 1418
1134 361
830 1453
1150 832
921 1629
1159 863
425 1037
822 1833
976 1179
434 16
428 1654
1134 262
879 485
1061 1938
904 1031
845 376
516 728
23 1958
567 886
804 652
1098 1461
1215 265
209 1181
1079 1526
215 1034
781 579
386 73
433 1482
861 266
978 1349
366 1374
2 2
123 1824
604 795
15 279
261 1373
791 430
416 573
283 1969
9 504
1181 613
305 64
316 592
1004 512
855 1637
724 906
251 437
872 1512
630 1419
250 1629
124 439
282 198
411 738
429 912
799 108
188 1825
611 198
287 1337
647 1817
675 925
349 1858
781 598
819 1419
228 1522
693 245
709 1838
1027 1052
1143 1077
205 430
1150 1250
1196 866
684 163
104 1863
1123 847
206 358
1138 40
1173 1964
777 1037
692 1997
984 713
331 1950
101 1284
807 41
787 1730
764 1291
691 1338
665 710
480 130
1154 845
242 1388
360 998
1099 1897
142 1315
1201 797
896 1962
625 167
1135 1687
21 417
692 1005
687 773
934 760
540 921
141 1105
127 273
1059 1978
160 649
1048 1169
87 152
220 671
95 1377
454 961
1191 460
658 320
529 164
71 688
785 914
1172 896
1177 727
1133 1866
623 1188
1160 1464
1053 1425
1019 856
661 1292
463 622
1120 827
66 1897
941 1781
410 1186
1082 423
126 1051
256 1762
885 1815
733 488
532 1102
1050 1964
446 1717
519 607
605 1319
637 195
174 1967
640 1332
567 738
282 1660
1235 510
391 1416
139 1891
146 889
385 602
515 1777
1080 1898
178 38
984 1558
908 1653
1067 933
741 839
331 1131
1189 1900
801 1383
1244 610
384 797
284 924
730 1044
1245 989
138 1069
1214 863
788 1882
156 363
874 330
916 1199
491 749
572 125
220 1767
123 67
205 937
349 987
99 982
1202 1802
1164 1649
205 267
73 1852
649 34
1133 1456
411 115
290 856
810 1402
1064 1828
6 1686
1233 1098
868 535
1214 200
954 223
53 1431
586 1280
577 1655
506 1076
494 990
842 545
485 43
350 785
1205 103
328 489
1109 1148
174 1545
200 1959
1183 336
760 741
662 1692
1124 448
878 1808
1018 1859
1040 1308
310 1447
219 1681
1072 1586
894 284
199 1326
825 1271
543 1943
700 1392
373 527
453 265
572 650
825 942
469 1366
247 221
498 1723
813 893
834 1378
1048 258
1111 1149
525 1469
602 1621
986 1923
813 1173
274 861
213 1270
198 1242
321 529
118 1079
219 197
1073 1042
261 1144
711 1334
734 865
139 1879
631 373
1015 68
453 1065
992 167
334 1355
1128 841
819 403
211 1663
976 787
622 1572
926 36
1191 1112
122 292
762 1882
908 972
1034 1579
189 1195
1056 1842
1025 22
351 1475
1158 376
582 1493
469 1848
119 1396
74 1403
59 1839
1246 1791
274 531
365 294
415 14
1144 1698
432 1461
169 971
89 1509
406 843
585 341
698 1388
537 649
1117 1386
141 1679
97 1531
608 46
103 1403
1012 1805
932 1330
25 403
652 476
1023 828
522 461
141 59
476 1349
417 326
60 1839
913 1648
104 132
152 742
1009 460
462 1521
468 417
230 1055
728 101
983 736
733 1383
267 1540
30 1472
976 1347
570 869
376 10
119 189
833 854
425 256
929 1413
250 1245
1113 106
590 597
985 985
937 1826
729 1363
786 587
8 811
937 571
259 1759
834 1225
1196 1559
600 391
1117 1896
1199 1249
675 900
954 1606
784 116
339 765
615 1306
439 926
119 1919
191 1540
1245 530
854 778
896 1830
878 582
410 165
1060 148
236 785
485 789
306 315
258 425
595 465
446 697
611 1381
716 842
237 133
761 1705
542 791
751 264
950 1496
887 243
906 1685
140 1565
510 172
1214 1805
556 1332
573 680
531 1902
241 1982
1066 664
777 1305
1223 601
534 752
787 478
1167 949
144 1347
911 1189
1178 1638
952 978
537 2
597 60
575 345
1080 329
809 1325
330 1992
650 1972
186 1156
169 1221
604 1989
1019 691
1211 1014
732 694
898 897
130 1536
793 577
1094 1470
1234 1133
268 1713
361 1497
57 283
2 632
350 42
1009 1547
32 967
438 1610
138 1456
743 1301
93 840
776 834
92 414
1060 1121
645 233
1079 1825
17 1272
950 627
32 961
500 794
315 108
964 1693
329 1500
479 1993
555 694
1058 1798
873 509
1204 146
614 1775
1064 732
919 1102
962 305
164 784
649 1812
315 1631
1031 1356
569 1885
701 798
155 1547
548 1041
791 1117
1159 877
98 1436
985 1171
1108 931
356 1156
13 1051
185 1687
763 261
1236 370
1235 707
53 648
1056 875
310 1751
114 326
102 205
155 1238
807 1881
1029 1021
473 1441
168 972
673 609
358 202
709 423
499 340
224 120
1138 1132
551 97
149 1981
163 1361
691 545
191 987
1039 599
1203 363
817 1775
614 606
401 1728
897 1870
945 929
1244 486
407 763
626 1829
533 1707
744 804
278 807
1104 784
522 637
1020 31
320 1297
769 1224
795 864
935 1947
206 1773
145 1553
118 1542
1214 561
433 1130
394 1140
1217 989
735 227
452 413
367 1802
761 249
1123 13
799 1308
177 502
613 1891
218 1600
17 1667
1126 1558
484 1891
537 49
450 178
572 4
383 1876
189 1213
1042 1354
736 1974
805 1000
150 1157
426 9
121 1707
770 758
55 702
261 337
239 247
519 197
978 428
1037 1821
285 614
902 631
785 1540
522 1441
246 1709
391 195
975 1472
584 1152
945 105
564 129
1227 531
750 57
412 483
529 1195
518 383
1210 1207
493 101
170 678
1010 613
285 1026
608 160
566 186
969 546
891 166
873 96
1215 1724
1240 688
1133 870
555 1678
838 736
214 1932
1245 1667
926 15
44 1301
527 386
83 1992
437 1469
1035 1845
569 78
1018 1495
852 1624
1163 1104
406 950
86 365
966 1658
53 156
813 869
258 306
993 1872
236 1486
1091 133
536 25
24 1129
647 843
47 118
1056 701
879 417
1098 1375
629 588
966 821
627 42
625 1016
618 1679
428 1780
115 384
523 1897
588 80
549 882
990 1372
383 1335
49 983
1154 386
900 368
1201 408
372 790
41 1383
1224 22
495 244
320 383
427 272
376 1858
731 758
1193 1731
683 1602
188 1035
962 265
767 190
768 1013
160 792
613 182
474 1953
778 136
371 1147
1168 169
167 410
48 1277
732 1068
620 647
628 1213
930 1789
562 209
884 1621
650 214
689 1019
145 305
81 846
106 454
1214 430
863 956
38 492
712 1196
598 1496
1044 102
422 911
1003 139
1005 361
928 666
986 1721
691 567
577 1545
735 1861
589 546
1075 979
1018 1781
163 1253
763 1957
180 498
875 1189
525 1497
1164 1367
1102 1258
732 782
46 1055
1039 513
141 1210
281 1737
256 1813
894 810
862 1706
899 503
424 190
630 1888
1062 1321
50 1642
60 1018
324 1118
102 81
612 1376
1080 1385
216 897
1182 6
436 1803
322 1463
582 1444
1036 1562
1239 116
243 260
1214 1299
1077 1380
221 1701
530 1592
1003 1411
167 612
1203 99
689 1904
896 744
763 1506
712 431
1081 921
36 1607
1214 1616
394 1691
370 528
812 956
352 1131
359 1281
882 101
968 1070
390 1206
501 1041
372 185
944 911
398 118
1235 806
285 1300
734 1525
734 896
1226 1250
248 1592
826 697
361 427
824 1298
1145 698
559 87
592 234
111 1269
858 1074
1160 1224
163 1983
1188 692
162 1635
744 500
384 140
341 551
102 629
365 1452
1000 680
352 1971
92 1939
4 1167
302 1041
632 896
981 1226
464 143
372 651
1032 798
234 150
957 1177
363 1024
214 1906
845 1539
210 186
914 903
126 1952
7 1311
396 1907
174 525
302 1215
671 420
305 1771
1170 1111
737 1661
559 943
835 877
1152 1475
356 241
25 1496
126 973
771 291
63 709
1249 1293
542 960
433 540
551 202
1103 1570
1101 404
289 757
87 856
1051 1188
542 60
1032 1813
195 1194
520 1066
78 1844
407 138
244 806
336 1970
938 239
1009 842
142 262
56 1130
434 1105
155 407
876 1697
1076 1623
471 708
886 1831
299 940
12 211
689 475
