2509 4602
4467
2480 2105
68 670
1676 4225
1782 1899
165 2387
1534 2253
888 1978
700 3195
151 2679
657 2615
660 375
212 777
445 2796
663 3422
355 3137
1920 3655
565 1769
2425 2616
2299 739
461 463
961 4339
126 967
2485 3919
1883 1384
913 3802
2044 3044
1560 2297
1721 311
1172 4503
287 3571
579 2890
605 3378
1798 2410
592 3474
1807 3787
1108 2541
1058 2562
728 2073
84 1119
2339 74
1433 4304
1461 1479
385 3230
1758 4252
2399 687
114 3403
2211 1966
1754 693
910 3403
1212 3043
1638 2927
1922 4217
30 271
1562 893
1637 2647
2044 3791
1280 3674
2255 2422
759 510
1164 2914
799 417
107 3552
2374 1734
354 2593
1072 3859
2186 1338
1071 3113
1810 3347
1266 1127
2096 2265
193 2377
2440 1765
279 3467
581 2787
315 67
1911 1418
2430 4167
2411 3786
2185 4157
1625 1839
197 2365
1456 1518
1445 2685
2139 1342
247 1672
1304 887
746 2140
1153 2829
525 1140
2310 2210
1441 2248
507 1859
1497 485
1793 223
1992 3901
2263 2001
485 2179
1836 3394
1320 3092
2502 4337
923 3341
1970 1697
1408 2515
1720 1938
1490 557
647 2238
1500 2137
1738 3219
935 1555
1193 3740
1156 3759
2502 3078
1320 3210
2070 3616
1407 2071
1943 2885
792 2773
1895 2790
2016 3217
1950 1632
1617 2531
1028 3035
2205 796
150 4473
94 4515
2157 4132
796 1767
132 2349
1598 902
438 4571
2094 451
1946 1323
1223 3098
92 825
2408 3493
345 55
1552 1543
1361 3130
520 4037
1658 4171
1830 2252
1818 3299
566 864
1825 1656
2259 1642
606 4116
124 2873
77 1373
2261 1916
2467 22
2109 1249
2225 277
2393 3501
2342 3545
491 54
2290 2261
1865 3056
2136 3497
1287 2061
645 3106
1947 4483
2344 3285
1329 1470
2381 1090
1930 3798
525 3307
1177 1315
2070 3476
153 2501
686 2112
1330 4524
558 2772
1935 3769
1122 3542
666 1615
1504 3511
1999 3063
1472 4287
2122 2638
2338 3399
2200 585
330 3238
590 4365
1614 2885
1359 1966
2345 3901
1716 232
2113 1994
603 1808
1422 1913
1027 2196
1292 1527
945 1775
913 978
1441 2210
2301 2738
109 2937
1136 2975
2449 1065
2370 1704
1004 110
222 4037
2425 4173
2322 2473
2357 2844
2335 163
1104 3658
327 2610
2478 4119
1477 3015
1265 3163
1708 3842
1229 1284
127 2616
162 1601
1439 2394
1413 4188
1769 3696
2035 198
2081 44
1009 456
1996 3501
2275 369
2093 2949
198 1134
1260 4437
1564 772
2143 1764
1291 2939
2028 3380
31 3453
1708 3266
707 4254
2245 3818
1766 3855
2367 996
2143 4067
1865 3678
396 208
838 704
284 3487
2486 4551
1941 4554
154 1104
2246 2155
1752 16
1984 601
1760 1639
1532 4098
1799 3303
1751 3838
1931 2301
698 3944
2336 414
279 4135
576 1975
2346 4127
364 1816
1034 462
1359 1796
249 1912
1461 1909
1750 4539
1317 1524
444 179
86 3380
1583 666
1795 753
188 2329
1546 903
869 1968
1045 1455
649 68
1027 2723
1197 661
1210 3781
2409 2638
1842 1697
1523 2552
1412 3763
2133 2127
496 1058
2392 1371
732 2071
2360 2619
2480 3336
735 628
476 1306
1737 1852
203 2873
468 1187
2171 4586
514 359
300 4094
1497 1696
830 2933
1897 3062
315 4103
265 2767
2026 4063
317 4277
475 530
1204 666
1350 1932
2160 2779
191 2454
1928 3608
1571 3009
542 3983
1132 4495
1806 4601
1148 1513
1561 3221
2180 3552
1883 3647
1607 3239
1321 1561
2439 4046
2386 3087
406 1880
2449 3982
1370 2544
1036 2979
1456 3821
2290 1134
2003 3321
746 898
180 2528
2320 2535
457 3363
1792 4197
102 2081
2498 2379
1910 3608
218 4245
2089 3844
320 1667
746 3499
742 3577
2443 4229
444 1946
379 455
2365 3488
375 1476
1854 3363
2281 1684
2157 4329
2266 3767
12 4308
498 288
2120 3218
1741 519
443 2837
958 1564
274 3540
1123 4398
824 158
2343 1518
2110 3823
1198 1194
1499 2043
2196 1129
298 3504
1249 1297
253 1823
2429 3551
106 4312
628 2437
295 3119
1570 4289
1226 601
2453 2687
321 2245
1154 3681
1627 3988
2486 3857
395 100
1671 1711
811 4554
2244 2214
2481 873
2456 3563
112 3616
1105 2834
2146 1300
344 85
946 4007
1409 3272
1687 3800
575 3975
859 4250
1371 2741
1025 3443
1118 3960
1083 3673
306 1667
800 1034
1677 2885
529 4572
1084 3482
987 4454
1463 1928
1825 2967
1639 3643
1851 4096
57 2548
1678 1845
361 2151
2003 3416
608 2482
1361 1424
639 2663
1268 1429
2019 2964
2147 2665
1261 3491
1162 2155
2334 444
989 2477
1374 4274
860 3156
2178 2875
1002 81
1084 3607
300 1938
656 3866
988 454
791 2062
1228 1802
832 595
2122 4501
1971 497
1079 1396
2181 273
2026 3759
260 867
2395 376
2261 3059
2312 1523
939 2096
1993 41
1290 3327
1 996
378 3290
491 2226
219 211
2046 4380
1807 2494
539 2698
369 1149
2467 2953
505 3013
98 3743
1408 560
133 334
2133 2518
2034 3451
1176 622
1723 1610
64 26
453 979
854 4566
667 3928
1134 633
1720 797
1142 430
1857 301
2292 3366
2398 4472
620 2998
822 1264
1945 915
184 3910
826 2807
1917 2674
826 1052
2331 1312
1242 1575
2316 3313
518 4242
486 809
872 2349
232 1666
2320 3835
2075 778
1969 1352
2239 1263
2119 2304
1945 3988
987 4412
814 189
1218 4580
1336 3913
2173 1099
284 3785
149 1025
526 3715
2509 4360
1495 680
2137 614
375 1775
212 1457
1642 2286
6 1724
250 2372
2386 2758
681 1981
2296 3092
1864 2004
1007 2415
1257 4260
2503 1927
1531 4044
888 4513
1347 3930
596 1930
1987 4110
1749 2550
744 1277
700 3405
1332 439
1507 343
473 3001
1467 482
1887 111
1381 200
2212 2677
723 1915
922 4483
1441 1612
1097 2358
2043 320
1784 1999
2249 3583
95 3184
995 3793
272 3982
1426 731
2103 4250
1905 1602
664 3706
2316 948
2489 1715
2115 1882
1705 3233
1713 1741
1256 1707
1906 343
1213 312
2283 1575
2418 3028
1355 2622
1715 1031
1643 229
1224 3326
123 857
1178 1759
645 3909
626 1709
442 2830
1446 196
859 1878
1714 1690
139 3257
1137 1456
1321 1945
1010 2803
1668 3226
32 341
608 246
2422 580
1803 2250
1538 3585
2210 3376
1291 2317
771 138
1654 3243
2123 778
1011 192
11 1154
1988 1234
760 932
2321 1821
2415 3005
1862 3685
72 3303
216 1745
1558 3269
1152 3451
2182 3729
236 1789
451 1837
1302 529
1365 478
128 541
2426 1843
17 1413
1276 3890
1895 908
1003 2080
1302 266
483 371
1286 4465
1414 407
1829 4121
1848 1027
846 3365
175 756
2230 3182
1979 1844
1435 97
1732 697
524 923
60 4094
2104 1425
2086 414
1109 151
1449 810
2082 4175
1156 2654
11 2942
187 678
59 1708
1932 430
2288 3922
702 3554
2354 335
174 2070
12 2432
2257 1501
1195 2658
2326 4408
938 2634
770 2961
2185 3074
129 4019
1865 142
1091 3773
2279 4073
1598 2772
427 702
2231 3174
16 1064
2332 1366
259 3807
500 756
1358 1838
1149 1393
1382 632
468 2512
409 2192
1970 1162
1775 1115
1996 2653
370 2749
426 2193
55 3027
860 2138
875 1905
2411 234
2367 749
1232 676
1937 3756
1842 1764
2306 4155
619 2706
1936 1286
1708 1462
560 3335
40 2542
1864 1768
655 2583
1477 4539
622 2896
363 4534
617 1931
762 319
1384 1470
1412 913
1024 3684
933 876
839 1460
1970 3800
2271 3813
1401 2400
2501 1993
132 4116
1754 2134
2380 2209
2234 2263
2054 414
1077 4052
2326 314
56 1384
2488 4295
65 897
2341 2660
75 3272
2283 3304
1161 1902
1755 2920
1952 3119
1720 473
970 329
2474 3112
1899 4196
1358 4528
1290 1302
545 4593
1858 3545
1457 1823
791 1939
2415 3285
361 4232
2108 3721
219 533
2469 1645
863 534
687 967
807 2730
1725 398
213 1151
809 1883
1639 3088
67 660
1728 2177
1520 4331
1350 2394
1352 1097
2251 1205
1213 648
1133 1476
1275 2856
195 1070
720 2016
783 664
1733 2720
1922 4025
1348 414
1871 3663
168 542
1079 309
1840 1851
1297 236
809 2154
1087 4433
942 979
1603 3752
284 3590
6 1611
846 2397
1452 498
88 3083
1157 3621
996 3594
2094 3509
262 1536
700 2898
2507 3726
2077 1585
1100 1691
2189 1772
1472 2807
1171 4188
571 1532
281 1164
1428 1631
296 313
474 3075
1789 4316
219 581
1471 2825
2310 3922
1170 1146
746 3447
838 2542
1559 3006
2228 2667
650 3808
403 1692
374 3823
2216 860
604 320
190 4100
1474 368
107 4582
2016 2500
2193 4010
1229 1518
1768 359
1590 1504
1324 2556
973 2062
1684 1933
231 3084
1066 2112
2263 3641
529 992
1456 1121
360 2772
6 2436
253 1676
1792 189
21 3141
68 97
176 558
851 3088
1312 3338
448 3672
1914 2849
2342 2464
1078 65
255 2815
1374 1071
347 1398
776 685
830 1276
133 1714
480 599
1446 3757
647 2043
1031 2026
1686 3253
2056 470
693 2797
33 358
2140 3963
2117 1553
1008 4109
1495 2058
472 4232
973 1167
2338 1018
115 3110
2195 2654
1204 343
1298 3982
225 3196
1224 1574
1367 3223
919 1605
1955 3049
449 914
2319 4155
2341 2006
2122 3416
1625 3518
1385 1006
1223 3236
2370 2404
1084 3396
1829 4398
311 905
1250 2947
217 3308
69 2888
506 3225
2259 4540
400 39
280 4085
512 3749
316 3691
830 1864
244 654
2294 406
1413 1519
1644 3489
1196 1046
2292 1159
503 3877
1188 2340
382 4185
2337 1872
515 90
1820 1359
2401 3988
1911 2049
1920 1162
289 4555
1610 2876
627 4377
2191 2753
1314 4160
2255 1649
308 2617
1377 465
26 1310
482 3721
825 2513
2027 66
470 2315
714 164
45 1851
1450 4462
541 3260
1822 1896
1929 2604
1222 4197
2298 50
830 572
1058 167
2238 3518
2384 3151
1268 4307
1069 464
1401 1111
1052 2668
968 3195
275 3065
1982 1615
49 1212
1066 798
2495 2950
2165 4262
1694 905
1752 1112
879 2004
855 3125
601 4305
2142 2761
459 2650
796 3836
708 3301
92 2618
441 4008
1514 3498
1263 382
963 2958
1209 1835
1145 2659
468 292
846 4123
51 960
518 1541
307 701
1386 3396
83 1038
2089 4335
2209 3317
483 4153
998 1610
572 1992
1061 1586
2020 1361
1813 2013
937 255
1323 4408
1487 2874
1186 1380
376 4386
506 1182
2404 4349
401 840
2127 800
1294 3716
1616 725
2123 3256
139 4344
38 1283
1488 3509
1502 111
1796 2030
1546 1195
365 4199
1986 1634
1097 2887
1749 3163
1111 99
1865 236
615 1756
739 2961
159 3263
478 2488
1060 3981
933 427
2417 2216
2417 3529
161 3419
1601 3948
648 2630
2116 2018
391 3410
1228 1112
2490 4237
11 2360
2044 4563
153 2252
784 2454
1064 1205
1808 226
1541 1902
1056 3745
1886 3079
2202 773
279 2185
1733 3498
418 75
586 566
2002 981
2503 3493
1695 4184
1244 2020
232 4475
1824 1321
1657 1573
962 3449
445 524
276 3461
892 562
1069 890
1573 2059
665 2337
1627 2422
2195 554
1267 3967
1241 2213
529 1132
290 1433
396 1032
550 3281
2411 4474
1365 1272
133 2053
1272 4261
2386 4173
156 2429
1279 2118
2466 2913
1129 1522
1922 243
1565 1117
1627 3651
1660 3154
1920 3015
1719 1358
2258 2851
231 1085
504 563
1632 2019
2122 525
824 108
1717 3752
2457 2363
2064 3519
924 2266
2155 1948
506 2978
1581 393
150 3620
1095 3235
1652 405
221 548
233 4308
417 2894
2133 3088
1261 893
1822 774
537 4561
1710 424
1705 801
400 4146
463 3506
1765 3757
236 702
2337 1983
1138 2217
512 2889
255 229
1601 3989
1760 3635
1329 4239
1457 4341
2076 541
1631 179
1873 919
217 4385
779 4444
44 2688
83 2801
2064 4051
2224 3704
1576 897
1340 4125
2398 920
2211 3937
2443 3288
1642 531
339 1757
924 1817
1621 4339
497 2105
177 2305
852 3357
147 3315
2354 2744
81 3758
1465 3471
1697 3292
2445 2022
1426 4458
375 1899
973 4346
1404 4267
2174 1526
1860 289
514 644
1277 124
1379 2556
978 988
1621 3967
410 31
671 2478
1791 972
2504 783
599 1257
1748 2084
688 1063
993 1119
832 307
1046 2156
2339 4105
1523 3533
2362 2296
522 3907
2054 3298
2262 2091
288 4485
2482 3002
2297 2200
2272 997
1370 938
533 4174
2501 4490
2338 1494
2506 2226
1935 64
170 3293
434 3387
1405 4061
1766 546
1543 4262
1716 3831
34 826
751 2865
1231 2185
1343 2899
2317 719
2374 338
2365 1460
818 2017
744 2690
1191 859
133 4085
428 2694
2226 1969
690 3026
1968 1317
545 2796
776 2185
822 3811
227 3365
1115 3939
1293 2552
313 347
1353 4417
63 1047
2460 3208
2291 1584
635 1817
1535 3358
1870 2811
557 1003
1102 4490
1950 2741
1091 1019
1696 1074
2038 1966
1323 939
51 3909
493 665
172 4051
1106 2879
475 4215
1789 2878
744 1946
1161 2124
2013 2418
2484 2096
72 907
1598 3671
1448 436
959 41
407 2451
1155 41
2186 1533
1447 2306
35 2277
829 1569
730 4291
1753 652
1777 81
252 2619
898 248
514 4255
326 924
359 4550
1418 2259
613 4299
1606 1996
2443 361
2394 235
624 1071
230 2684
2128 953
2034 1148
162 189
2302 854
2329 1649
1729 4137
558 2197
722 1988
938 3386
2291 792
1489 2232
2003 1129
458 1545
115 1043
2312 2499
1081 253
314 4190
2401 440
800 1138
178 1978
435 4086
759 3528
1404 2050
1535 872
1353 3346
1198 1250
2395 1973
1889 97
980 2369
632 4056
1461 1070
234 2055
2172 2970
248 2733
1557 1775
1783 4469
1703 1634
81 2731
1523 617
2058 4136
1708 195
2262 3463
756 795
1825 248
627 2017
10 2675
958 2688
935 2886
204 71
648 4576
158 1493
2475 2864
1677 1719
274 1765
1090 2494
1340 3395
805 463
1950 3668
324 587
1181 1927
1464 1222
1989 2512
1019 3784
1579 3534
581 4321
1473 127
2347 306
980 4031
1476 4501
956 3083
1386 1852
1759 4129
174 4428
43 386
2405 4216
2329 2764
2359 264
2057 1778
1944 3950
2284 2740
743 429
976 3764
2137 4215
1174 4511
252 2591
607 3338
2506 333
259 2392
2017 4539
943 2501
2166 4325
309 4358
2298 4159
546 394
1989 145
1019 2385
1029 337
920 2906
60 2646
1921 2813
2245 206
1708 1268
617 3081
1564 2018
449 1439
66 3191
1238 3261
1070 2605
2034 1658
929 3544
766 388
1573 4005
297 3116
1817 2603
1106 946
842 836
1835 581
582 1037
654 1240
562 1774
107 1434
694 4
533 3855
1406 250
2323 69
1540 1439
462 955
39 1780
1482 3769
3 2026
1004 1068
1659 3610
545 1445
1307 1097
1855 3038
1798 1227
1670 881
2246 1277
1599 3156
1045 1024
2112 1210
1927 285
1482 727
447 550
2144 2187
2480 1855
1421 3362
70 2220
2107 2743
1853 2946
187 3997
2405 547
2436 4532
2214 1154
2158 488
386 124
2048 3295
631 3018
1722 2591
793 2924
1212 2924
1530 3948
1098 632
2205 4526
868 1015
1139 4414
1601 3102
497 2303
1207 2651
1129 1385
2289 4573
785 951
666 243
1365 4388
73 278
2094 3599
1032 3396
16 4053
2249 437
1457 4200
1155 3533
2244 3063
1062 1469
1198 2233
534 3069
1610 1318
1646 2652
1595 996
981 2570
1760 4294
235 912
2406 2422
1390 3399
1863 4374
2318 3512
1677 2689
1617 4556
1003 1437
245 3279
1376 2761
1012 1310
1553 3340
1551 705
1381 3863
2468 3057
889 1994
87 2907
2344 2807
1521 3692
1445 1880
752 3406
891 3384
207 3983
2192 3446
2078 1016
223 1281
1490 314
1752 3241
2134 1867
357 3490
2227 3747
890 2785
789 928
1378 476
946 3896
1101 2612
1734 3167
316 2924
1203 1474
1027 1834
2157 13
1641 2997
2403 3459
2302 1822
1934 3774
2024 1397
438 1295
913 3413
1218 1448
40 1585
590 4015
109 3487
306 1604
237 3325
1899 4543
1198 15
1115 1273
2368 3783
1366 4298
2096 3528
31 1949
2309 872
2357 2484
1284 3193
50 2421
1105 3395
1740 4313
1410 4297
377 1173
223 3886
899 2457
571 4161
1894 4443
758 3922
2247 3877
1092 1530
1271 267
2497 519
2300 241
1407 1548
1961 1851
1997 4504
1859 4298
1053 4447
1253 343
1214 2926
2278 1311
2153 399
1986 1270
2055 2940
1520 4592
1352 3468
1169 3912
1758 673
429 2079
434 2858
575 792
510 3093
785 4400
636 3753
1251 4041
1960 1226
1325 52
2241 3004
311 2760
2486 3764
1039 3033
1416 1781
617 2739
2369 730
1095 488
809 836
1107 1815
2387 2187
1998 1493
1851 4594
943 2528
634 2650
1675 4503
84 605
187 156
1095 757
1263 3480
1453 4374
399 4477
843 3243
1635 2811
40 442
1684 357
681 4028
17 970
101 3195
168 1983
1515 4247
1673 4590
56 1863
2238 2966
2499 795
11 492
2275 1172
1928 3066
1486 2176
2124 3470
702 3420
867 3374
1034 339
545 2228
1964 1458
2186 2338
822 4559
1410 4449
1469 2256
749 4457
483 4340
43 2118
2491 1951
334 4360
2006 1054
1225 2435
382 680
57 2295
1138 2208
903 4009
143 4041
154 1740
867 3936
651 4407
35 2525
893 775
2234 4550
2385 1667
1918 2037
2200 4589
967 3669
1815 1559
688 3176
779 2542
2197 4020
481 1535
1752 3645
1858 759
1175 3884
744 1627
68 1161
341 3840
642 3684
228 3887
2366 1245
220 565
1367 2559
2487 3709
1056 2621
316 2512
2049 3236
1795 2928
28 1780
481 3466
1434 3171
1290 1855
1307 2112
1696 220
2185 1448
788 307
1694 389
1146 62
1198 3347
1965 3190
58 3246
1731 2948
1568 1450
361 308
455 3607
901 2522
2164 3916
597 3560
1728 4501
1435 3536
1363 294
1276 3236
1216 3513
241 4058
1959 2313
28 387
1788 4255
1595 817
763 1663
1536 95
122 767
167 1850
873 2597
2462 4335
357 2921
1685 752
18 9
384 365
2141 3545
2507 4428
713 2988
1204 2797
113 1962
2358 4516
730 3124
695 3350
870 1588
994 2662
1290 6
2395 2139
1998 2732
2195 3100
2127 49
2479 2682
1648 1832
1150 2810
727 3073
2386 1631
552 1206
566 9
1413 4325
823 3296
1279 1345
1397 2383
1004 3159
1294 351
836 2263
1716 1911
6 3971
1350 3334
352 1818
2124 2148
540 347
530 3557
1568 1399
1774 2217
2234 1099
40 1092
1623 470
2357 2152
1616 681
1654 1790
2228 962
1557 3975
1949 3184
1542 2828
817 3589
606 1884
920 2807
1212 2547
2249 3776
1876 3692
2411 2566
66 4273
2442 31
225 3713
1691 1512
1555 2759
675 3031
1069 2093
1435 4561
1229 2319
1923 2892
756 4453
2074 17
688 1543
1630 711
161 1023
1014 397
1586 2077
781 408
1004 4396
1267 2553
2032 1603
1835 4048
424 870
1259 1951
1789 3558
1013 1334
1780 555
1850 1104
1983 4167
1328 2883
2334 1538
2238 3383
764 100
2213 839
1732 3626
810 3747
599 3423
500 2083
1097 1652
2482 2138
881 2607
724 490
618 2641
1991 2359
2488 352
870 607
607 256
2173 1713
2259 1142
1393 4425
1038 1223
928 540
667 4368
554 1955
330 4530
450 4453
210 1162
155 2258
1108 2375
53 2819
942 840
903 831
989 2007
849 4299
1604 631
1149 3178
1560 2874
1206 3917
845 1679
2467 528
1879 2569
639 4011
1505 3256
380 120
640 1622
1470 2274
1625 2401
2234 474
1772 3957
516 747
652 871
849 819
2109 3904
1762 642
1124 770
72 135
1883 354
312 4539
863 4464
2430 1198
2483 1264
1694 1430
772 2641
1038 1145
1038 499
1897 4133
1585 4163
2382 2272
1449 20
758 2229
1384 2825
1560 3589
254 1513
813 1022
384 3323
1958 1529
2413 4483
2048 2971
2484 35
1339 434
1252 2653
982 786
1483 4162
520 663
188 157
1089 2307
1730 3695
584 3060
236 3136
1406 37
827 853
1360 807
237 727
1372 1829
2125 2228
1255 981
1478 3759
1438 4369
1990 252
495 3220
1543 4025
866 2579
581 1389
2353 1971
875 3136
1733 2416
1693 2456
1036 1800
420 937
764 4482
817 4443
889 3632
366 4464
1936 3656
1121 3187
2166 2450
165 1536
1765 1135
664 1192
228 2936
1372 1914
2128 2477
938 1959
1427 1121
538 3578
2190 4592
1225 1033
137 1565
1137 3012
2372 1652
2253 712
1699 772
1834 2812
1856 3598
1384 3602
573 684
1491 1782
630 4205
410 3006
1028 1220
1809 1574
1819 480
42 3857
1323 1939
941 2890
1889 4009
2195 3634
2200 2313
2262 3377
1929 3463
1323 2633
690 3765
68 809
1670 4155
2479 631
2410 2953
1496 3631
629 1445
574 924
691 4133
1566 1853
1280 4566
712 1041
14 1085
502 2531
2209 1435
629 3778
2448 1306
1890 3169
2113 4038
414 2304
6 359
1184 244
1861 3062
1992 1091
1275 3066
682 2770
1888 4220
2055 2357
1109 3026
471 4199
728 4403
1895 2967
1440 1145
1898 4513
1467 3562
103 4433
2047 882
2418 1637
1331 1496
1899 3806
242 3492
48 151
1987 2564
977 2509
1448 1710
1220 3469
1551 118
1070 3324
2335 2961
1662 3254
1015 3161
995 1952
1226 1650
1355 2858
2399 4216
2125 3264
564 1003
183 4319
2315 1348
178 169
838 2710
2205 4548
267 3665
1802 4177
1901 723
2034 1384
2414 3732
1892 1190
1199 2009
197 98
2251 2346
2395 4170
1247 2442
1417 4414
1347 1739
1599 3615
449 4068
2146 4464
2222 1195
1164 1431
1176 1309
2008 4570
1815 831
2351 1246
786 2260
1939 850
1289 4440
1025 2518
1025 3203
264 902
989 3600
1456 2673
394 3725
180 1707
649 2816
420 2570
1414 3731
860 2731
629 129
662 3271
1198 1727
1380 3497
2401 1892
57 1653
1048 3728
226 3097
202 3118
1244 3463
238 287
363 4153
891 1366
1369 3008
1726 3162
1361 1112
1144 3358
2226 2817
1132 1113
568 1269
685 892
1102 1603
570 4358
866 2177
689 1739
1623 956
2469 3957
2451 4428
2196 3476
1144 182
562 2789
849 198
983 4418
190 3162
1799 2344
1818 496
29 736
2289 2082
501 2482
1832 354
1175 1572
173 3901
2405 1772
590 1364
1081 1924
753 2794
2174 3553
720 3233
2443 2473
1764 2370
1741 4301
859 2146
270 51
793 3794
115 1767
156 528
2323 1189
2178 837
2164 4545
63 235
520 124
677 4317
1965 3334
2414 4232
1820 772
2198 1654
1837 3845
1575 4029
380 3541
370 1207
239 272
976 2747
683 2650
1609 3912
1498 4459
1963 1944
1777 3274
26 3317
2299 2914
1971 2263
1488 4039
1262 2160
2382 892
520 1997
1863 248
207 1986
1795 257
2026 3162
2505 2903
928 1117
1656 2540
1149 4311
425 1449
768 451
349 3124
2394 3113
863 1785
845 52
2373 2927
1536 1112
13 4198
1402 3391
204 1658
366 3459
976 3998
961 3530
143 1230
244 2694
827 3300
2388 3795
1589 566
1855 4363
1729 913
1131 4298
112 3425
2016 2309
1747 3043
926 2364
1115 2186
1262 3784
640 3618
1106 3995
1289 395
1931 123
953 1939
2143 518
239 1373
429 1705
868 1038
1198 2273
466 1356
349 2540
679 2238
1871 38
290 2536
428 27
1020 2029
25 1846
2345 2194
185 1078
1019 2064
1731 1535
1498 992
663 3373
895 2272
631 923
1207 1072
40 2537
1085 4435
1593 1057
2481 3222
793 3075
2068 4429
553 968
53 2488
1782 373
1244 938
2256 2584
998 3738
2177 3617
281 1887
776 1600
368 4314
841 758
1931 1817
1612 3647
283 4265
136 1144
750 517
2280 4523
309 882
2114 2717
442 1515
1917 4148
1698 2330
1196 4544
2230 647
33 405
2264 4489
1186 1069
574 3791
1404 1043
894 3501
2241 2775
1736 155
2276 1649
1030 622
1471 3803
1439 4469
2469 454
1135 899
1453 1947
2270 1336
2316 2833
383 2726
1379 3884
1321 4130
1932 1775
1800 3835
2214 2498
540 3179
274 3167
1873 4404
2383 2418
2261 1432
602 536
140 2814
813 4077
824 3958
1133 4295
519 1012
748 1741
1848 785
1883 3703
550 2494
1600 1167
1845 622
2478 2319
2375 2617
1884 2772
2028 713
1460 1834
898 2757
1936 239
84 1129
1198 1517
1396 1114
2226 2143
1349 1325
607 4434
1886 542
2388 3027
48 3195
1839 3524
729 2600
2425 290
203 2285
2115 4581
2257 713
1363 4331
860 3572
167 2257
776 988
1385 4197
1013 395
1694 3228
764 2608
161 2365
639 2968
672 2142
1913 1822
184 660
1186 1002
1986 3720
1354 2043
1169 4420
2462 1849
737 3781
526 1606
1255 986
154 2340
1299 2141
378 1567
2480 1067
1827 1198
770 1327
374 108
1335 3386
1757 644
410 1064
1790 3943
834 1249
671 1987
2432 574
659 650
1642 4354
2336 3420
594 3093
2437 1069
127 990
2231 2520
1043 1731
1100 1164
829 1713
153 4278
1691 2483
1026 791
458 4413
1650 3607
1856 4554
2349 4225
2357 3559
1453 2519
1793 3238
1030 1279
1730 729
1526 1897
730 2610
2474 929
1565 2799
758 1845
28 1219
121 359
1704 2237
2007 411
742 2333
923 1833
1171 398
375 1256
1879 1269
1360 2800
1119 485
2120 4427
982 671
63 2481
1283 1688
689 2594
1944 48
1203 430
726 3689
2476 3444
579 2894
949 2437
2437 3675
1042 74
1388 1668
1866 715
1047 3106
1223 2690
1304 1953
1381 3027
1666 2513
396 2812
1820 1753
1787 26
1212 1956
545 3359
793 2406
1261 4029
657 1061
1505 751
1131 3251
1756 1535
1904 1089
541 1761
691 4446
1600 3117
1617 2486
2256 104
1309 3466
370 4091
1210 3118
1904 4302
1556 3824
627 3615
1604 2551
1308 1369
2189 243
1596 4438
595 3045
1920 2026
410 3531
56 862
1968 3646
424 2180
395 1493
168 2810
2367 1145
610 3709
207 502
1759 1895
40 1813
746 109
749 3687
2331 4514
613 304
2115 3791
879 398
2359 2028
550 3521
837 3675
1296 3794
630 2162
1698 2582
362 4119
1030 2253
7 2787
78 259
1032 1742
202 1114
2393 1693
199 4151
1149 1326
626 1778
2193 1875
2149 4526
70 1245
2042 2688
2434 3942
1735 412
510 1943
2048 2356
1984 3633
1005 2554
774 1810
1425 1275
747 2506
433 326
1565 849
972 1407
867 5
945 3371
1824 2646
1933 1822
1325 4464
424 4149
504 1166
2009 512
49 3351
1354 3415
1222 3721
1182 4336
2247 2722
871 1971
65 51
377 1015
1766 3057
587 923
677 1877
1563 3540
2047 1759
835 3539
2275 2481
2030 216
2081 1396
548 3590
484 1659
469 536
589 965
1543 2076
2007 1398
1780 3582
149 1225
2175 317
2109 3087
7 2798
1080 1510
1388 3100
1592 1326
320 3818
309 1085
1415 3234
1454 2988
1517 3497
1210 244
2086 3278
651 2279
1739 2167
911 556
1189 1008
611 1544
585 2068
1700 2938
1422 224
1138 501
1973 3223
1000 912
10 3008
1620 41
2372 4061
473 449
1858 3386
1327 1684
2335 518
735 2588
1918 3039
1480 2792
2354 463
744 4160
159 147
1542 178
611 1997
2209 1434
358 2913
404 1185
170 2515
1668 3525
1925 2056
2075 3170
161 4121
863 3577
1000 1924
1221 3577
2360 45
2261 1207
1548 71
2066 2494
1662 4461
1802 3047
2369 1861
1607 604
2077 888
1668 2081
1601 2710
503 480
2240 898
925 2041
192 281
1916 2483
170 3083
2318 2471
255 3255
1162 2800
381 1178
1493 3234
957 1100
905 4175
1313 3999
1648 882
1526 119
810 1946
482 1312
953 1069
2477 1236
1887 4187
1426 4422
1680 1437
487 2078
1137 4276
2112 2221
660 2555
16 603
2183 2961
1615 2187
109 4181
792 4254
2123 2098
1123 3266
1485 3129
662 1678
2454 2146
465 1030
1327 2211
817 1519
113 167
1842 1825
241 1412
2175 1879
361 4378
2175 2904
574 2178
2189 2352
1090 2595
639 3308
356 1675
93 2614
1046 3839
1872 3028
514 1378
398 3359
2199 858
1500 41
2137 3838
1347 2126
1806 255
1451 4340
1575 2489
997 3601
1259 421
1412 3228
215 1188
304 3064
957 3280
262 1890
1870 976
279 763
1603 1026
320 1307
2276 3804
723 4420
2030 4215
728 2174
1460 3383
1840 3126
1879 819
318 3440
1482 713
1873 3706
51 238
2195 1611
853 1313
1506 3026
2382 589
1959 4037
556 1895
139 1840
703 4554
2116 2595
1910 3655
2093 595
11 1760
2064 437
701 1238
1435 1790
1387 1627
1741 3035
813 2726
1645 1656
1184 4176
1838 290
1868 2752
491 1895
552 4047
2050 551
1274 1649
1937 3415
2313 4148
770 4095
1294 688
2228 2187
798 1747
523 4501
285 1178
696 439
240 2428
12 3417
1123 3103
1850 3518
482 1189
1130 655
1777 519
284 3422
1875 2590
2038 3069
2106 3185
707 3524
636 3015
2282 3910
2175 882
1552 4013
2059 1417
2004 2596
225 3017
2266 635
2289 4512
1947 3964
793 708
1224 1578
1463 3882
2265 1982
1712 2676
2172 1478
561 1069
1166 401
1766 139
2390 3611
1522 345
2144 3571
1161 971
2002 4323
158 175
388 2348
1773 2594
527 500
798 3647
599 2133
87 254
42 443
786 3840
855 19
227 4280
1484 2843
863 2206
1015 3936
1773 4414
336 4094
1575 2550
1831 2058
1377 267
1798 2787
1409 4014
1451 4533
1728 2527
977 4409
1083 1617
649 3674
1283 2045
1049 3802
1233 3988
2083 948
431 2084
1835 1818
714 2198
1228 2702
381 348
594 788
1013 2277
2092 3860
792 570
808 4100
948 303
261 1150
1367 4170
717 1817
2429 1995
2189 3371
1216 2864
2162 4477
2337 865
1598 3788
2480 1151
2267 366
1444 4500
2395 1969
864 2642
1765 4233
752 2770
2231 3353
1369 1116
264 1320
1305 171
580 1206
83 3194
2275 1325
1409 469
1373 1745
186 1855
1454 2819
1213 1061
721 1020
1629 4293
2297 3631
1404 2459
1783 3868
822 2467
1877 1920
956 1183
1123 2692
1711 4182
350 1987
106 2798
146 1234
2195 4501
810 3323
1354 1257
261 1450
2456 527
22 1831
1568 4114
1477 3607
1355 1201
2207 497
630 3863
34 3991
178 1844
289 4381
2448 2032
1554 2210
78 629
1096 2609
1371 1024
981 1771
645 2287
1647 2641
1332 2154
1612 884
552 1040
1739 2421
2164 2842
1977 4364
2418 3524
1609 1688
940 1951
1133 471
1743 3306
261 2710
1294 1846
810 4200
1338 3391
2499 689
2123 349
1544 3613
2427 3531
2340 51
447 2141
101 3577
1739 3228
600 2886
1396 2323
1719 2952
1488 512
452 1944
2235 330
808 714
2023 1335
1246 2000
466 1451
1671 3110
2163 3745
2169 2531
979 1067
1994 4145
1081 44
1521 3032
1958 64
278 2719
1951 852
1735 3486
460 4495
2270 3215
1890 1182
2092 2450
446 2433
1207 1868
1668 2523
850 2355
132 166
405 14
2148 778
1595 1931
1344 150
445 3063
469 661
1483 115
1930 4198
1963 2463
38 49
2048 3698
60 2585
1665 182
1917 1343
209 4124
1395 2447
1625 1267
819 2955
766 1186
115 290
1393 4353
1132 2868
2277 201
1777 1326
1331 2660
767 2027
461 2794
1869 638
932 576
2500 1780
853 1463
1277 4333
1698 3293
698 756
1655 2163
2127 3421
1042 1628
2070 2611
848 4063
1267 2950
1019 3655
157 2440
1302 3510
1332 1919
155 622
17 103
1390 2567
810 1772
2222 3287
340 1907
1383 3305
1458 1070
286 1604
819 2773
1707 3579
1788 3552
464 1326
2063 4263
743 2308
2278 1592
564 1253
2132 3807
889 3031
232 3092
1163 992
1637 769
2184 547
2216 4256
2325 3605
1595 134
2494 577
2314 2885
1196 1239
203 3080
2394 1562
186 1953
775 3521
89 3917
1150 4396
442 944
470 2727
2117 3691
432 1319
545 1236
1333 1861
1011 507
116 1610
201 1878
94 1117
136 2348
1601 882
1968 331
942 100
496 336
1888 211
2267 3204
1037 3140
2187 1573
832 3824
1992 2634
1304 3906
1098 2443
917 727
448 4222
951 1950
1908 2876
1642 3721
2432 465
413 4243
1594 3656
1459 603
94 316
822 810
2389 3169
2099 1803
2388 2671
1640 2104
527 2125
1411 1036
2017 4101
1441 3809
1861 1427
1324 529
604 3812
310 629
247 1401
2045 1238
183 1045
88 1154
1421 1934
334 11
1594 1681
2034 173
2099 103
27 3375
2444 1206
1563 1522
1133 4411
141 4438
501 2746
1278 1571
576 369
1237 1184
1961 254
1213 2020
1601 4509
1211 807
1300 1927
38 323
551 169
535 1774
1229 1994
99 1794
653 2663
333 4116
226 223
708 3217
371 3171
893 4238
2366 3069
362 34
1375 1527
2094 2518
1893 1434
1968 1517
2082 2048
1065 1180
2207 3300
1172 327
720 3756
1619 4022
2311 921
212 2926
2436 1053
253 389
1302 2769
381 730
1573 1423
458 2742
802 3098
1400 463
1046 856
1388 2493
2027 2128
290 375
1971 2485
1863 3666
2261 4138
1011 1080
2101 3141
1032 2939
846 2549
2411 1956
229 741
981 2599
1859 1049
1058 1780
2351 2581
824 3223
1769 3342
1846 977
1383 629
886 1818
1856 257
27 623
102 300
1628 2011
200 545
1996 372
204 3352
1596 2162
978 1852
1952 1443
1384 613
2163 3825
511 4410
1972 439
849 3948
1430 2101
1017 4214
1422 1728
2134 2355
433 2863
2076 4119
2021 862
453 2309
259 563
1880 132
1135 2259
45 411
156 1949
419 3414
2456 1465
923 682
880 4507
631 1176
705 3048
1623 4437
1002 1897
12 2120
2056 805
2026 440
2191 3759
1776 941
2112 2147
506 4050
1129 15
488 2817
1663 2261
1967 212
1325 857
465 1884
2420 2212
1515 102
1169 2963
873 3764
1406 3915
1108 3698
2252 3335
1453 3400
2369 2760
1649 1923
1826 4556
310 3835
306 559
2110 3805
2295 2834
92 4558
683 2530
2192 3267
1580 745
2061 1512
906 4401
120 3760
2303 2510
1919 1326
1108 1559
1413 2806
1147 550
449 3761
246 1638
1009 4394
2131 2462
2141 3263
144 1931
1157 3339
619 2970
2306 4445
755 776
616 4484
1860 1502
1219 2213
2344 2706
2242 4262
1737 2700
2167 503
691 4487
1499 2929
109 3086
1474 299
2460 431
1988 4555
1001 3528
2346 2417
1578 4203
1446 4190
172 2000
1132 3301
335 1759
1046 853
1499 1631
1983 1390
1471 212
1611 2982
1235 1198
2207 3328
2010 2545
1985 774
2232 2568
2377 2725
111 1714
1504 2936
2439 192
466 683
2489 1357
2239 849
2493 1699
2345 3211
1059 989
140 3086
2488 1331
1999 1565
663 4039
2162 915
1101 3814
2321 659
1913 3616
412 2796
1385 4263
424 3930
1389 4117
50 207
73 4459
2136 4343
996 3037
142 4385
2025 3947
1906 625
178 3964
2477 2969
2258 2454
1518 2234
2264 1480
1608 533
160 3366
255 486
1111 2359
666 3985
336 1622
623 3679
1395 4342
585 4600
906 3788
27 3489
219 2485
248 4206
615 2108
950 1252
983 4547
182 3315
470 2811
1191 2710
2224 1979
2226 1206
1009 2174
428 3120
885 2104
2320 3378
913 1758
679 2988
2358 3417
2060 4282
2505 710
914 1787
1757 172
1151 2878
453 1164
1044 63
2098 4277
956 334
2361 3077
1480 2692
54 1242
169 2515
2073 728
128 4177
1220 2627
144 3736
2230 3670
2369 1892
937 3738
2401 576
1468 1039
906 2459
941 4078
2099 2877
907 1464
1014 4576
245 4583
858 7
2402 539
1480 2878
1838 519
1490 874
1058 1553
2428 187
54 3408
1352 4069
522 1673
2282 4267
2071 1128
476 1581
1829 2896
1551 4380
509 3083
725 1343
1140 1271
2484 620
1020 3263
309 2677
357 1014
2153 1695
307 4261
810 1981
1852 1527
1334 1264
393 1817
536 944
830 3625
1396 2519
2431 2058
2502 126
2074 2961
1791 2254
1747 1925
420 2761
19 865
150 126
360 4022
1440 4238
1428 4545
200 3044
2457 2832
2109 3051
1415 302
1265 346
752 1679
459 2809
2174 1379
667 1594
783 2984
1686 3348
1690 4049
1454 1814
859 2378
1087 3973
1202 2841
1047 3863
1941 1838
1242 1747
232 3052
1850 2834
684 1035
2089 87
1159 1748
2026 2091
2298 4541
1008 758
2261 4329
1495 3355
1417 4358
1345 3110
1019 3955
506 2872
599 1917
1003 2257
514 1572
167 4403
1341 877
783 2962
675 4530
2492 1621
575 4508
75 2455
1735 3956
1481 271
1317 1989
425 2660
834 2937
1147 742
494 764
704 4036
883 3405
2093 317
160 147
2133 3099
71 941
443 1515
1593 4479
1438 140
626 3653
309 3379
1122 772
22 1525
2392 611
1150 3408
84 2372
641 1100
200 897
337 548
1437 3818
316 1397
1887 3422
1800 3310
1784 3216
941 2328
759 375
2027 486
1926 947
1603 4416
1417 2634
894 1875
780 2690
231 2710
2062 2096
669 392
1704 1914
1952 1237
406 4076
1928 492
2094 2031
1814 1921
505 3164
541 780
947 3989
1967 3766
825 3620
956 3459
1060 4599
1895 1551
751 2962
194 1382
1600 2874
1039 1563
773 3998
1932 3478
2119 2386
733 1554
2459 2055
1044 1135
439 4031
1402 2516
2048 2531
2072 3086
2205 695
427 4597
1273 2487
1206 955
419 4126
360 4285
2465 4138
2249 495
669 645
1879 4009
2361 1141
1945 4529
1739 3337
1168 2005
1360 2359
1425 2758
325 217
732 3644
531 93
1931 1021
1385 2033
1903 2562
2269 95
215 2743
579 1129
630 2913
118 2616
1517 3263
565 2958
1505 2063
204 3703
1824 2809
64 409
2423 3919
1927 2665
554 4563
829 1944
814 3102
956 662
1231 1355
679 3977
1070 1008
172 2077
999 126
1204 2010
652 4040
1628 956
1142 2633
2227 4597
2263 699
378 4526
683 4395
1851 2701
71 1422
2227 631
1549 3928
1635 1444
2286 1732
827 1389
688 3056
1650 1643
211 581
51 3395
2494 1855
1652 634
2221 2074
1039 291
2166 2977
1079 2898
1192 1583
741 2822
1706 2850
728 2919
956 3527
1884 694
1809 4023
1638 213
512 892
1190 1250
1439 2994
1428 2577
1746 3086
812 2480
797 4114
1344 2088
2255 827
268 469
438 20
506 1352
566 813
2426 2924
2375 382
50 1968
668 216
1633 258
917 3578
1553 3215
1582 1346
1075 330
1642 921
1577 1446
474 2361
1401 1700
1047 4157
82 4157
2272 1260
2509 3410
1809 4329
1585 620
2098 1059
1674 11
366 2850
1967 2309
1696 2775
642 1977
273 1399
1275 3955
1008 1697
1150 3937
2074 2925
569 1609
1138 2132
634 140
1784 2560
1430 4049
937 4325
782 3695
2139 894
2185 2035
293 1174
440 1841
1760 2843
1545 2553
2320 3583
417 4454
794 2700
553 3140
1053 4168
2319 3632
1594 1292
1125 1628
1225 2657
309 3656
325 569
2459 2952
1377 1031
2003 4369
2171 1027
2377 1058
2503 909
440 2735
2378 1359
841 2065
2324 487
293 3455
849 3559
2353 434
841 1308
1758 463
1050 3811
28 3354
2155 4220
2172 1997
969 3488
893 2044
2183 3584
123 3830
1240 292
1361 3545
1226 2520
1418 3197
2261 449
1364 1738
446 2032
774 4351
911 1388
1175 3488
2434 4148
1285 4214
1402 3083
717 3393
1955 1819
1029 2491
1621 2564
1652 1850
1557 539
2349 3376
819 4556
2018 4037
1690 4029
311 511
1476 3674
888 3774
2238 4447
2131 2004
49 4527
1394 1912
1233 4194
1379 4498
1130 3619
592 3623
1268 2642
1993 3763
1621 3240
309 3997
2105 696
2204 3609
36 495
513 497
862 4211
1900 4269
1819 601
2135 1040
2009 3315
918 2373
2451 1284
1985 1875
2398 626
922 1036
868 1437
800 136
2471 472
366 2931
2255 1300
1645 4312
1457 1077
1943 4175
1176 1514
960 3532
2017 2269
2065 155
674 1045
149 3474
1365 2597
1826 2921
2194 455
1593 685
1961 3307
801 1480
179 1396
1817 859
2434 4316
420 2347
279 1664
1441 1942
1452 4152
2177 3112
1372 1819
1781 1218
480 2464
2095 4490
653 2870
59 2635
284 486
87 1155
233 3218
349 4131
429 3693
900 3090
508 141
901 107
2034 1748
536 1451
92 3459
167 790
814 1541
1118 309
625 3184
2099 3806
1394 2051
2027 1310
1532 666
1079 2214
2301 1990
2298 3245
58 3044
314 3995
2204 4530
1233 2914
883 3770
2215 3855
1619 1316
1215 1540
1111 2165
685 4234
2433 1089
11 3212
1764 404
758 4090
2347 284
1938 2750
964 443
127 979
2018 2140
533 481
903 2701
213 3070
235 3557
666 4051
526 1668
1599 4384
2013 4195
2233 895
2367 3627
670 369
2245 809
3 2462
1225 240
396 1798
847 2751
60 504
608 3268
662 3063
2047 183
2061 438
2434 1528
2429 2928
300 1468
79 808
408 3746
528 690
864 2333
1489 2554
489 88
2443 3534
30 3002
290 2361
1348 3785
2107 3362
1076 2113
1470 243
388 4444
604 2627
95 3114
1097 368
743 2524
1179 1862
1191 31
84 328
312 903
1003 3552
1302 1611
263 1407
1703 4375
1677 2887
1185 1062
1594 233
612 3177
1118 1900
2292 4074
2201 3905
36 3452
1469 345
802 4458
2080 2798
2494 3511
190 3459
2325 1814
268 4515
275 3920
1962 3649
886 4072
158 2882
2403 4358
1175 4048
901 484
2137 2251
1275 4354
2281 2998
1434 1126
690 1924
2345 3811
3 2651
213 14
1387 664
1455 2916
2171 2257
2033 4549
1532 4251
1191 2163
871 3093
213 1558
2265 2217
1976 480
1264 3091
638 4515
2361 3816
244 177
1233 1457
1876 976
2195 1941
1926 3728
2166 2944
302 4576
47 953
1971 1394
1761 1050
328 2325
1334 1847
1265 1417
1935 2267
678 3432
1932 507
975 2985
1368 4283
34 1078
1460 4557
616 1061
1756 244
1791 2290
262 3701
670 125
1016 4199
316 2089
1783 2585
829 163
1697 2049
1071 3161
341 2611
1017 2078
753 1265
2180 2815
1830 4599
1038 742
610 2922
772 4403
1615 4600
1572 2324
2204 1460
1763 2984
404 2756
2071 1617
2455 1191
1884 638
653 900
236 2406
1754 861
452 4169
774 2256
1530 2240
1888 339
2461 2110
2404 4297
1242 1725
63 1472
2130 2787
2283 3064
1934 4477
322 202
2020 3865
116 4108
2102 615
359 3628
812 296
94 4318
1194 1489
653 2912
1980 415
999 4531
2262 481
1134 3683
347 854
527 2267
1924 2283
1921 645
781 4388
8 3425
278 2365
2213 3245
2385 1830
1049 2448
1327 1424
1255 4507
2136 3619
808 857
673 602
1700 4488
932 3764
311 1827
1107 3768
1598 3986
1247 1483
1654 457
2342 4088
687 3523
963 4296
731 3094
1280 1308
2472 2544
1943 4189
2033 4140
1204 2742
1225 1048
1932 856
1424 2707
463 2249
1360 2554
2317 2912
966 424
2337 950
2084 278
2076 2012
1561 1532
717 4163
1021 3939
1193 3500
278 2901
1682 1720
2271 3067
2180 2569
724 1351
1688 2799
233 2627
2468 208
1543 1802
1870 4597
201 3784
2084 1555
1208 3206
1666 3876
1655 1402
2058 1210
410 1398
1787 592
1956 3756
1910 803
1643 1881
426 527
910 4150
1802 4254
2410 3060
28 1800
1311 743
80 3334
44 2579
457 586
346 4257
1777 419
233 2927
1949 4569
700 3166
2210 241
2241 2323
2484 3904
227 2755
1576 61
591 708
534 2894
2244 3157
106 466
1687 3494
2332 3316
241 2935
343 85
2488 3520
1207 679
1976 3313
1923 2931
2045 4090
1387 2644
2402 685
34 1310
419 3055
1629 1503
448 3621
2109 2318
543 812
641 3717
1581 2154
2165 633
382 3035
1584 4462
1497 3753
899 1472
2497 2109
2141 1916
1115 4134
339 3794
1571 4538
873 2990
2095 3050
1841 509
1208 2871
2257 2906
2161 4474
1554 298
322 2905
66 3104
1987 971
477 462
2108 1534
1927 3928
250 1884
1679 3179
1451 886
1707 2390
1455 2249
574 3073
1529 175
36 1914
1056 3506
145 2108
669 1383
1509 1560
1817 3865
655 1241
1330 1692
1475 3281
848 2858
1312 1988
2298 2664
24 839
1472 2274
396 386
1192 3361
545 396
394 381
1706 1228
2236 2874
1049 1345
782 702
782 4314
1398 2181
863 3349
1576 2176
1796 3413
5 4394
818 446
1757 1132
2421 4105
2425 1386
614 3985
1500 3874
504 1492
1424 941
579 2508
1168 3363
867 463
2187 4525
1291 455
581 4124
2203 550
1335 1308
1301 2060
380 2369
1915 3509
1544 4233
1935 2615
658 1278
1544 2501
1003 836
2187 241
1829 2999
2166 1594
1125 1559
526 1499
2129 3688
776 2316
108 2481
327 837
393 3229
1905 2771
626 3759
2449 3916
1677 1516
2022 1737
1536 1969
978 136
2374 395
1585 134
550 4199
834 576
784 234
948 2999
303 3970
431 3257
876 3574
1761 4434
391 4424
20 1482
1297 3001
1300 2489
402 1807
1439 1377
2135 3700
2461 1168
86 760
1701 3956
1759 3743
1375 346
816 977
267 3212
799 1013
662 3303
2298 4016
1119 4098
1692 2862
1107 970
1029 4413
901 3948
1591 2608
653 484
2219 522
1609 4468
2138 2342
1841 4027
1684 2443
987 2111
951 2717
1757 4429
583 795
1476 3676
633 2614
761 2009
1457 1394
1164 4287
2331 2650
68 3057
982 1789
1491 4498
949 3202
1050 2719
1444 1550
2442 1900
439 910
666 2657
222 1755
954 4367
690 103
509 905
731 623
343 779
1692 4076
150 3896
2508 446
2504 616
1237 2397
646 4
1524 1643
1510 1522
1466 3674
1996 431
224 3915
1888 4517
1444 1828
2459 761
584 2189
2017 1847
1485 3475
131 3209
1547 624
141 1436
767 2900
1155 1360
612 1386
1121 2600
883 2947
695 3782
864 1174
1399 1146
402 4345
1580 3754
416 2503
2159 2306
914 3625
2275 3703
848 1154
135 1991
1177 4223
1305 1443
583 1301
1027 2549
1639 2222
629 3441
524 377
913 2063
1291 3526
1698 3000
204 1392
1612 502
19 3525
773 4114
71 3766
999 2428
538 2635
540 222
496 4236
770 1664
1103 3828
156 1969
1502 1275
242 4489
2495 465
754 1484
2444 2281
1317 2313
533 273
1585 2855
1320 3674
1189 1431
1300 448
1105 4405
2240 3159
1968 4001
1654 1598
1807 3532
1497 4453
2230 898
530 3043
1965 4518
600 1951
1783 278
800 1164
821 3014
1436 3855
1135 554
1728 4552
235 3654
1144 2407
2384 933
1942 1590
505 2299
720 3872
1960 84
1089 1691
711 3264
1240 2305
498 3301
1906 675
1698 2076
477 4528
2218 2553
443 65
1208 2519
2165 4287
282 2803
1676 3179
1254 1252
1149 2659
497 3298
2490 1695
750 1054
2417 135
2241 1379
986 3548
256 4412
1423 2113
878 1693
280 1557
626 3566
230 2316
2081 364
2142 3311
1099 4086
1652 2719
811 3731
2318 1868
898 3995
635 850
2469 172
354 1307
1019 4257
1351 3150
2003 4577
1705 1944
2507 1432
2113 4570
2287 6
1707 989
1870 174
1055 1969
1928 2465
1081 402
1322 3432
1622 2459
1199 4396
303 3586
2027 559
633 353
1679 4128
1612 145
1768 3900
1074 556
1075 919
1015 3180
1156 2599
1543 2789
1612 3475
2025 3051
381 3785
196 529
627 625
2393 2228
956 3855
2216 3008
989 2363
1613 2058
1745 1736
1625 664
752 1414
2179 2194
1816 4125
2086 4040
657 2397
1283 1684
83 1613
2174 2593
673 3955
501 1742
1644 3276
1516 785
558 1284
958 837
1187 3175
910 4553
2465 739
1774 3412
1561 3677
1808 1134
1066 4129
1929 622
1314 1791
2321 1954
1200 4221
822 1430
2122 3902
2066 869
656 3727
527 285
1640 1067
1845 155
977 3980
449 826
2038 2080
197 1469
983 3620
216 2511
584 665
2186 3999
1573 4072
124 148
1598 1101
2475 2462
1407 2595
1584 2080
350 1531
1853 2030
778 3200
1514 2464
1937 3611
887 2192
2370 2235
1562 750
2382 234
2460 3289
2237 78
1945 2756
2144 3871
212 4117
1862 531
565 836
2351 3788
1849 931
1372 220
2182 3690
434 4050
2328 533
1044 2322
1882 318
2235 117
312 2137
1265 4473
752 376
1086 692
239 2158
955 3158
1781 1505
1683 2243
1279 2709
2096 3471
1760 2212
2487 1742
1948 2900
503 157
553 3191
199 3191
1210 2782
1917 1362
1282 619
1229 2656
2046 3362
2242 926
1223 348
2356 2749
1131 863
1351 2048
811 3498
377 3960
378 3996
1455 3021
1620 1792
2199 1105
166 4020
1227 4362
1926 890
1720 1707
62 3402
984 4427
1609 2719
113 3165
1437 2726
795 2575
364 2269
1656 4485
2154 1130
69 3142
360 1616
2130 4097
1132 1958
631 2139
1596 3287
1504 1657
182 2183
1607 2751
816 1536
1352 2144
2155 590
1753 3548
573 2528
2198 4010
1204 2605
1200 1042
262 390
2167 644
1052 1965
1696 1114
1607 3741
1761 1617
1767 1330
2096 3089
1618 4035
1070 2833
1086 725
252 1085
1982 1839
670 1335
1259 3096
1294 3226
2499 793
2221 2206
419 3061
2332 1374
1021 1783
2006 3377
1450 2790
1431 3626
595 1645
353 1712
2286 3778
413 2879
1706 4257
2400 2563
1142 3053
1742 4151
2133 687
1767 3021
433 2890
770 1058
2501 864
827 3660
873 3842
1254 3538
2157 3526
837 2383
354 4406
577 596
177 942
2153 3785
1967 3725
118 1205
410 3539
1552 3238
1394 506
1742 1670
947 1931
65 1666
519 123
487 1300
340 357
375 4140
838 4539
1291 1846
514 974
1135 1232
103 964
705 2856
2467 422
2478 2968
1823 3597
2436 2823
1572 1494
1176 1349
720 144
2428 3759
1409 1563
1487 2307
2278 293
1716 3719
715 2333
492 9
1339 3349
357 569
1611 2158
652 1192
