4663 3686
2240
4343 1823
4428 2995
3296 3658
3144 1169
696 1414
814 3336
1837 3600
2299 3320
2244 3638
1771 2266
1911 2964
3363 2258
2777 3358
413 2651
1045 1187
1536 2727
1308 2385
1403 3501
3398 1823
2320 407
571 2762
2773 3589
2171 2705
3929 316
1071 3404
3994 3605
2857 110
1728 517
1668 145
2388 3591
643 3666
2411 2152
604 2999
3403 380
3118 936
3437 3236
4626 3042
3663 1009
4440 3118
997 1206
51 3485
4605 3518
3876 1127
2051 325
2465 1987
2643 2666
1623 2266
1149 3015
934 553
2081 2364
3637 1164
1539 3527
280 1882
3795 2795
284 1222
3536 1043
2282 2594
150 2153
1167 28
1785 900
1801 868
3008 3193
115 930
2313 603
4523 2209
1519 2074
1419 3178
3623 2945
670 2931
3825 3662
339 1636
3516 1399
2919 1585
1769 1051
4319 3269
498 2286
3827 497
2858 2610
1372 1479
722 2043
4251 3444
3298 3124
4143 2732
1786 848
3568 2412
4278 3308
2353 507
3484 3559
77 2661
1939 14
3727 3248
1594 888
2768 1989
3724 3440
3145 199
1697 789
2111 2896
2012 1983
2209 3272
2860 597
4358 2432
3992 1639
435 2639
3283 2606
3303 798
3866 1948
2932 272
2795 3680
1075 2865
4484 445
2166 2849
435 1122
1484 2064
901 85
1477 2361
2875 3200
2679 3567
3882 845
3624 3262
1069 2691
2297 2856
281 1477
640 710
3423 2778
3154 2764
173 1706
2142 3429
2293 2950
2747 1921
3749 2775
3117 2945
3677 118
3119 3007
2720 1860
3900 979
3026 2379
2713 3425
1373 3682
2112 1105
4159 2430
1658 3043
4176 558
4535 3090
3264 2076
1356 1690
3113 2727
199 2217
3050 1786
3221 1482
3776 3187
2105 877
2827 3425
534 2672
3352 3272
3504 1322
1254 2006
3062 1961
2826 412
1765 1768
591 1272
2605 1235
953 479
3710 15
3469 57
4176 762
2557 730
2787 934
901 700
3548 447
3089 1695
641 2959
1932 1096
2709 228
967 681
2826 166
2165 3105
3629 1479
3268 1686
2210 3020
460 2536
2768 1546
2311 1791
3738 1059
2202 2551
623 872
3025 3202
2324 1658
1899 1274
1532 3236
2356 2793
4380 652
1611 2187
4215 1530
4080 742
4609 3319
3431 1574
1978 1925
2170 1744
4172 593
168 2200
2471 3204
1180 456
751 1237
1522 3487
4228 2063
2123 3194
3878 2925
2861 2956
90 2790
4279 2101
1655 2900
583 146
3591 3339
2210 3331
629 37
445 2131
2305 2302
2388 2607
3037 3412
36 1490
100 2303
2250 2825
3206 1959
3303 709
3168 815
692 1859
3288 1627
833 3630
1051 99
2323 1021
1774 1325
924 1679
427 2997
466 2342
3422 1379
1388 3366
2720 1497
2011 788
1301 1631
4336 764
2895 1548
1379 1364
4161 264
3573 3074
2226 893
3102 945
2150 1682
1092 2738
669 3669
4537 586
193 3612
200 3210
125 151
90 410
2788 854
875 1972
1596 3625
73 437
2372 520
2916 2071
1466 3568
1377 511
4598 2782
1348 2406
1925 493
2408 2057
3570 92
3102 3475
4071 757
3387 918
940 459
1003 2318
250 1329
3728 2292
2213 1836
4222 3578
1712 410
2402 2768
28 3650
899 3163
2846 1156
4517 2125
25 2564
2166 1768
363 2554
486 3079
369 1535
1247 6
2275 2102
953 3282
4336 718
4147 2010
4608 2726
13 1895
432 1152
4440 3070
1927 2096
3808 3094
4057 616
3573 3463
660 2963
2044 2118
1388 1893
17 571
876 1501
1086 962
706 642
1619 1807
2072 3115
1274 461
4448 191
1633 141
2253 157
3869 1040
2816 3630
3543 3179
2407 2149
3593 3554
3752 3301
2205 1766
1031 2028
455 157
3972 954
378 721
4628 2046
203 3213
2445 2681
2813 3298
3507 603
647 2768
1693 3559
2607 2996
2748 437
1729 2516
2976 3596
1086 3132
596 1102
2438 2256
4582 2750
1950 2304
662 674
1121 2717
3769 2445
1018 1981
4222 2828
1661 628
312 1670
3717 2599
1111 2980
3192 2178
2748 1001
2512 1145
482 3334
1828 1061
4084 873
4657 2249
2667 2546
120 1090
2557 3521
2177 2495
848 1649
1319 2606
2143 2470
4243 3615
3582 1128
3041 315
2175 2415
3882 1183
4402 3239
2133 2733
4191 1098
3317 1092
4314 3330
1862 3447
3782 2055
62 440
3432 1363
3651 2293
3459 1568
1513 341
175 544
1765 2363
4401 790
2816 3264
2792 704
790 1627
53 3378
2674 2500
2726 1138
4462 2200
4440 2574
869 708
3343 1693
2057 1339
2611 955
3553 2816
3024 2987
1877 2722
1321 2696
1263 607
4401 557
1363 2611
625 1034
1453 790
1584 1123
1301 3334
3130 1099
3237 559
413 1756
2928 1942
4578 3209
3192 2271
4347 3000
1160 755
404 1993
1118 3614
2969 700
1826 3324
4659 35
754 2776
3627 363
258 2574
2472 842
2619 3366
2976 3656
3033 3427
1163 1554
4282 1784
1619 1015
58 3039
1589 1440
1359 182
1484 25
1732 1017
2853 3251
3018 1233
539 3426
1282 1345
4242 1889
3830 3166
2320 1978
1243 1377
4490 697
943 1649
3394 1803
1215 3173
1834 2416
2071 1643
1433 2501
836 665
768 3650
1051 3370
382 3171
3040 1188
3024 2067
4477 2809
4508 1223
100 2976
2542 626
554 2006
3471 424
3896 3612
2358 2723
1750 2978
2424 2070
4521 3111
2839 2527
1404 397
4000 2997
890 2584
1865 1115
2129 1405
1569 1675
2330 2948
605 1659
343 3396
4156 1283
1964 1831
1817 3149
619 772
636 2598
3206 56
166 3507
861 1873
227 924
3746 535
2057 2977
1298 187
2920 546
1093 1141
3180 2955
2774 2524
2013 2804
691 1384
3602 21
1168 880
801 2159
4213 2408
780 1666
2645 2088
3060 1885
4197 3567
2802 1073
4396 555
1801 708
3166 2193
616 1870
4267 2682
92 3226
1408 1463
882 1668
2304 3543
2590 1701
1845 1065
1127 3203
3363 1865
3925 3129
2707 1829
3093 2494
3894 3548
109 1133
2132 380
3481 347
3202 3289
2484 2225
1663 1563
2924 1075
58 797
3129 3436
3215 3019
1332 1393
2587 3369
3349 255
1295 2156
959 3303
2364 3440
4398 3336
2519 96
831 331
1480 2429
894 2556
358 2375
869 2889
1140 612
1665 2777
2752 1780
2565 1126
1204 1998
1447 3223
3195 2906
1642 599
3349 2630
645 1159
632 578
1698 1083
2105 3418
64 3406
2565 3641
4604 978
67 2038
681 1238
568 3282
2262 1314
3835 3040
1149 514
1325 1154
2524 776
2979 2559
2510 174
1399 813
228 106
1116 339
3801 3411
895 287
1336 3305
3111 2231
1047 803
2886 1090
2628 2920
4322 3275
3729 170
752 461
2709 2744
742 355
2499 89
147 1070
3010 1672
3183 2251
2924 2946
4582 1146
468 3297
2070 2597
715 499
3664 2503
1351 1623
4287 1566
2677 1163
1570 2830
2507 1629
4590 3025
693 2989
2744 3244
2140 2513
740 334
593 3220
4234 2905
2006 1824
3082 901
3771 2703
3854 2596
3262 147
880 3098
1600 3571
117 2461
4034 3110
2556 2534
377 499
1715 1366
2747 2125
329 1719
1525 1962
3856 2851
2371 1716
1381 102
1371 2760
3721 2443
753 715
4416 3604
786 839
3645 1301
4257 2477
2928 1820
3024 1045
2632 2821
2381 734
1050 3277
367 164
3542 3574
2587 241
1798 3539
1186 3664
3366 726
1741 129
1828 2871
4581 2865
1366 328
2987 218
903 2364
2644 904
1672 2684
2613 109
4554 3253
2763 693
2999 49
2045 812
4037 1028
817 2068
3396 1957
999 152
1527 448
1424 2865
2923 761
3915 1717
870 693
521 473
15 771
806 2127
732 1458
306 96
2465 1382
2351 2749
18 3255
4625 1967
1145 3541
3597 1993
298 3498
3023 3546
2178 1492
841 2476
326 2058
2118 1504
2859 1791
4601 1057
2394 393
849 2123
3303 3410
4289 2426
3526 814
3536 3467
1425 12
2625 1556
1904 1919
267 3629
1163 1131
1543 3412
2347 1299
947 3266
4504 289
177 3594
1805 2597
2184 2521
3996 1149
52 3258
876 5
611 3234
1388 356
2243 1056
4199 48
1347 355
736 2092
3339 2196
2036 3084
95 3180
2629 3205
1524 1746
2584 3184
1722 2928
2707 1659
1867 1272
1375 3174
1828 1644
312 78
2029 3620
2314 2145
966 1330
65 3230
2083 3112
3296 969
2784 2393
2866 1651
2969 2394
2708 892
3395 3404
1647 3430
4150 692
3136 2466
587 1265
1494 1893
3799 1461
4371 717
868 637
3604 178
2761 3448
3902 3564
711 3627
2992 395
2402 1837
826 1336
3223 2792
1892 2729
3265 452
2925 1109
2592 1011
1480 3558
2078 782
775 2941
2973 902
773 672
1039 2593
1930 355
3610 3537
814 1604
1291 1379
4538 69
1692 3589
854 2138
1894 511
2947 150
555 750
125 2036
4391 1700
1896 2896
1228 2001
2860 2351
457 2036
4563 1455
986 1672
4504 3081
317 414
2332 3647
2625 2982
4402 3543
749 3075
874 2889
860 3295
3627 148
2383 1916
2334 2670
1623 1571
4475 2765
4448 2821
4195 1735
4423 2827
3633 2267
1904 1796
74 2261
3036 1235
1542 1147
2993 3168
871 3133
2630 3490
2174 3655
1022 1605
2381 1255
4272 1460
4128 2274
1409 1850
231 476
3242 814
2646 700
1135 1428
4450 2978
3362 1946
1484 3375
1592 1754
3922 1322
4420 1301
525 3319
2722 1458
440 1300
1831 1403
2886 2020
1901 423
4558 947
1321 841
2772 3023
3773 3364
4037 1325
1099 3343
1582 2740
996 1865
2578 963
2701 349
1169 1180
2046 3243
785 8
3735 2348
2766 1186
1774 1617
4024 326
1747 2274
2006 3050
631 1200
3652 324
4269 2461
1279 2255
2678 3306
2076 1587
3059 516
2562 2683
760 365
4327 582
2808 3137
3060 1844
338 2342
3767 2435
3304 1887
3373 3453
748 1360
3667 1434
925 3595
3145 3183
2579 1695
2805 2994
1129 1565
1224 2630
755 618
2859 2402
2295 1036
178 1955
2303 2598
1010 1698
610 3504
2927 3356
3603 402
2379 356
433 2236
1921 911
3400 1460
904 2704
3405 769
1944 2797
624 2778
3491 913
2112 2803
4533 139
2231 823
1953 2289
3276 3634
881 1348
3851 173
1115 2863
4197 2346
70 2541
4097 2102
4392 2608
594 3639
791 2136
556 2005
1905 499
3459 3182
3216 802
4480 375
4411 3646
1734 608
1333 1199
3093 1788
3952 3185
3189 1799
265 376
1023 2717
2382 2595
3625 2362
1291 2357
3046 1502
1325 1652
2636 1081
1108 3202
4361 2479
3067 384
456 1663
1496 3268
2210 2847
4360 2235
439 2280
621 935
1886 2966
2236 273
881 432
494 1976
1903 1030
3787 1279
2666 2191
272 3176
2088 3331
634 3681
2609 3391
1606 135
133 1755
2534 3381
3144 1312
3764 108
2161 3419
886 2232
4659 1052
436 32
3842 2527
4355 750
2907 1796
3418 2302
4289 3235
824 2220
3091 2368
3740 3540
1307 2212
1912 754
3360 561
1414 3680
526 3564
3048 1862
2721 3128
976 1191
4468 308
2109 1887
298 1191
3588 1400
1247 782
3813 517
1334 1077
3032 912
1117 3628
326 142
4623 816
3329 1582
2139 2483
2683 331
3223 2817
1971 1572
1668 3509
1880 1817
4444 3552
2173 454
428 307
1016 1874
2688 1990
49 2891
3949 2578
762 3576
3923 1738
1160 689
3389 3325
2456 3343
153 1294
1245 1847
1066 3259
4246 2623
1493 522
2563 2434
922 2308
892 429
872 626
1037 1780
2928 2681
2053 1849
547 56
860 2015
723 2016
453 1310
4060 1273
4472 1811
4471 1735
4274 228
2600 2858
3031 1612
4570 3071
3461 2661
682 2105
3619 1437
3969 1205
259 2652
2476 3209
372 2872
1368 1586
845 380
2273 2550
482 1269
2527 3280
3906 2899
161 506
4615 161
621 1963
2278 1993
95 2595
3585 1694
3390 2975
3562 3549
2602 2148
1673 530
58 3674
3829 2931
2865 957
2427 1270
4557 1660
1442 2288
969 674
1041 2482
2464 3327
3016 781
827 487
4494 3361
984 2756
3540 2495
102 1429
1632 810
3921 3059
2889 3194
707 3346
3228 114
3691 1190
1365 2779
946 797
3974 2936
2106 2133
1385 3219
4620 42
2889 597
4396 1549
4661 147
4264 587
2253 1289
1627 2573
3831 1363
214 2196
4414 741
2183 2969
330 845
3162 1464
2820 1840
1862 3654
1351 2124
2036 3430
1977 1211
136 727
1809 150
267 92
1065 1021
120 3337
4249 1135
1089 2954
2358 3326
1846 2404
4168 3449
2187 1485
3828 1014
3182 2557
3745 17
3598 665
4502 2295
2409 2631
784 1046
1796 2619
2701 2264
542 2439
1736 76
151 322
2559 1373
1945 2311
36 1283
4074 1641
2414 886
4404 1504
4572 1837
689 1986
2364 1178
1074 2810
3585 1478
3368 1704
3111 2904
3460 27
2410 2240
1116 1600
2582 662
2062 2633
454 3142
1407 1003
4287 553
4275 645
2316 108
4378 500
2039 2892
3386 1064
1411 2112
4210 1921
2032 2348
471 204
3379 1093
1765 2946
3498 1439
4557 1564
4395 3450
2177 2512
465 2923
637 1537
3965 252
543 2253
1880 3541
3976 720
3 525
2328 776
1869 1193
3611 2403
794 2218
379 2842
4627 847
858 785
91 2399
1910 2357
1310 1734
1102 1617
1630 3491
4172 3
2098 378
1694 1162
438 2140
1845 2553
736 1718
1338 804
2822 3443
213 3062
3822 1444
4380 107
1164 1404
4178 1402
3210 999
3376 3236
1232 864
4395 2876
2454 1273
4328 476
4383 1853
1321 2179
3331 3285
117 3390
4066 2912
2352 1200
4437 2362
3821 3199
1714 234
745 3230
3279 2001
237 2677
1822 1417
1302 803
2378 174
4505 1860
648 73
4262 815
1992 2355
2195 2144
2169 1185
2384 2709
1325 621
4423 183
4540 854
3832 1715
493 3583
3706 3671
3714 3167
2935 3435
53 1683
1373 3657
125 2874
601 3575
1492 50
2109 2695
126 2776
3905 1573
2741 1201
4195 2393
4632 2516
2909 391
2350 575
4551 1974
2293 824
2233 1658
1764 1546
1574 977
2428 3226
4604 1099
3974 2839
3434 3114
795 1156
1919 2790
2746 3460
3601 3445
76 1470
913 1566
1535 1944
2710 1777
3542 3384
1138 1255
504 741
4610 1144
3204 1616
2272 2663
1232 2202
2372 939
2647 3427
2316 283
148 2061
377 3653
729 3564
2112 1955
1265 3564
817 1248
4370 3067
1885 172
2670 1164
1787 2977
2906 3196
997 1233
682 3066
2052 700
1436 1747
2083 658
1526 3413
278 1701
3691 2107
793 314
892 2232
996 1414
3830 1710
3788 2168
2986 291
346 1978
1527 3007
5 544
815 541
159 3500
3200 1328
53 575
956 2526
2968 3241
1495 2245
2145 2330
3785 2972
4486 1209
2940 88
1381 2415
4273 1915
3763 2107
1523 3672
2535 2239
1920 64
2399 1287
3453 3401
2766 966
1950 1019
655 3267
2339 2519
2086 2866
4289 2726
3277 1893
512 511
1920 588
4503 1351
1368 685
4487 1278
2105 2801
904 1816
3951 136
753 2450
2639 2261
2025 1127
1894 3667
3132 3455
2109 762
3811 2082
2469 3147
1835 854
3833 2667
4310 3643
1534 1442
133 2365
2865 2637
669 2192
2182 3638
3168 1879
2306 72
3633 2246
3067 3504
440 1932
3801 3474
3491 2885
3235 2938
2754 65
131 597
2035 3120
711 2527
4656 2540
4161 1883
1326 1079
677 2619
2265 1151
3471 2908
3253 679
3712 2908
744 3214
175 2552
3245 3641
328 3138
3827 1352
3286 3067
3175 3459
3179 2222
1893 2066
3750 676
590 78
3964 2405
4390 1595
76 2736
396 2830
4263 3005
2915 2635
3491 3045
4136 3552
2298 565
4100 3343
1981 1418
1355 3670
2564 2610
280 297
4064 3451
2375 32
4475 1973
3204 1729
3080 3554
3662 2624
3571 1438
3225 2460
2146 2327
2183 2047
1410 1500
48 819
3918 3126
2827 2144
3406 901
346 3389
4416 1369
2670 3382
1066 2246
4355 423
1572 1742
2426 2904
722 1748
676 1951
4661 1698
2097 3661
3637 2939
4615 2124
1908 2389
2502 1326
1197 592
2696 1719
2616 2491
1884 2180
2020 55
4636 80
4070 2885
4118 185
4266 2791
3923 688
2811 3117
3776 2047
1985 1983
2636 2702
2950 1180
217 1424
522 2542
4028 747
2302 1410
3985 1212
519 595
37 1784
465 2392
3410 71
3089 1810
3846 3524
327 1410
2818 1861
3420 2869
1513 114
3062 492
3784 3053
232 792
521 3246
2687 641
3290 3377
2063 865
2981 298
3489 2377
3584 2095
1647 3236
4018 2738
523 1440
1576 3662
367 1206
3151 2118
253 2926
4554 2747
1163 556
3854 2217
309 349
3146 291
4171 501
3285 1963
1013 2333
2630 655
4269 3016
4573 1793
4620 2097
1637 1450
2608 2365
1712 785
3614 109
4233 3372
3459 2322
1932 3216
1602 2785
1014 2163
1641 1483
649 1998
4295 3452
701 1173
1015 2768
1656 1258
2773 3080
413 708
844 1720
1211 155
3230 428
493 2552
4604 1707
3590 3123
4613 738
3669 3148
4014 3471
680 847
207 634
831 207
1221 3578
229 361
3340 1317
1780 1008
3666 1057
2658 102
3632 1407
37 442
1104 776
516 2106
3419 2121
3203 208
18 3017
1600 1645
3186 2692
4018 1538
2343 691
256 3001
2948 1911
4013 2324
2198 1247
3759 1874
3334 555
2054 2847
839 3088
1650 3288
1458 858
2862 3238
2909 2997
4135 2375
3325 1021
1616 3092
2104 2379
2987 432
2588 1095
2979 2096
558 190
3832 1707
2978 848
685 2847
3113 2880
989 3630
358 1963
135 3336
4066 3552
302 1013
998 820
865 2560
2676 3383
1926 132
4104 900
3135 3064
1973 2203
3955 2339
1298 195
1628 2811
1452 1983
1576 2002
984 1487
2885 1868
2454 1529
2083 955
4121 613
1394 1543
3294 3283
1045 3149
4593 3569
3025 3503
1791 1937
1535 1344
983 2476
1123 1069
1770 1179
799 1349
860 2298
1858 1994
4351 1080
4401 2495
210 2651
913 1642
324 773
3097 1473
1269 3043
4459 58
3978 2039
2583 3039
886 1502
3681 529
1964 1177
391 198
3822 1211
2695 3153
1940 2085
1064 2136
3677 3594
3920 526
3263 3333
614 503
929 2645
1537 40
4236 1812
498 1047
1536 53
232 1733
3672 44
3774 1304
280 1794
3663 1989
427 2244
402 2215
1513 2613
577 2225
1487 2018
1256 2678
704 1303
1503 2215
2096 825
3180 3356
1552 3061
831 87
3891 922
3598 1333
363 238
3471 1640
3505 3618
2827 3460
2590 2362
1664 3204
4219 1049
2114 3530
1204 3232
2669 1192
4057 1651
3473 1704
3707 1589
187 2399
3061 2589
2558 840
897 3511
2434 1309
3567 3463
4640 2872
1557 2152
75 2002
1532 772
3897 3086
3791 2253
4127 61
1583 2379
839 1807
4039 2351
1100 602
3418 1036
2618 474
3249 2860
999 3098
3907 3308
183 1456
4368 1421
438 379
4448 514
2853 756
1992 1373
764 1609
3314 2657
3630 1093
11 1258
990 1656
2097 3655
4131 1992
481 1559
844 3211
4645 822
2528 2563
2851 2886
1664 2025
3795 1672
1155 1632
931 2468
867 2149
1244 420
1452 63
3007 686
3348 3244
3199 2126
73 22
2331 2630
4609 1115
3228 3345
4575 103
1523 1434
4625 1082
1682 1821
1344 2233
1070 2867
1663 1943
1862 1467
3394 1115
4283 764
589 2847
929 146
3452 3236
783 80
4106 1923
3374 2977
2872 1732
4298 3351
3945 524
694 3621
2761 2052
2394 3393
614 2690
1442 257
1017 3421
2318 2610
2819 62
3681 2411
1211 70
172 2001
3654 2328
4658 878
129 2352
4204 303
1972 2024
1448 3590
3185 660
1552 1519
733 2120
4318 1140
2302 1496
4336 3564
502 3541
2607 3359
1359 3612
1825 3208
3128 3019
4634 2726
3427 1566
3922 1537
1727 2636
3118 1082
3315 943
92 3608
1777 2970
2196 2184
3316 510
2320 589
811 2962
2597 2404
2153 1599
3519 521
308 481
2612 904
410 392
3000 3620
2452 3117
3936 2806
2932 1739
891 485
4471 1783
711 1871
591 1143
235 1854
1946 2253
3075 1343
234 1948
4620 810
2432 1729
1539 1736
3299 2600
247 392
3710 2047
3486 3019
2968 2726
4418 2394
871 1948
3567 2005
197 561
4143 2312
3921 2016
1640 2624
1652 920
3868 2123
3430 1665
2749 451
4098 3430
2026 2986
2146 2002
742 2923
873 2831
2045 451
698 114
2053 2884
2452 1289
1317 3579
4339 345
1063 3233
1193 1330
893 3647
2654 3045
4428 2127
2586 2789
410 3104
2781 2301
1776 2909
3335 365
3999 1828
2708 739
2 2212
2169 837
3167 136
308 745
3432 2679
4457 3357
1955 2356
2340 1427
316 207
830 2148
2266 1072
3313 729
284 2816
1476 3283
3872 2062
3233 89
1670 132
3521 719
88 2527
4507 1246
896 2199
1476 3580
1050 3467
277 873
746 1743
975 2645
3591 3185
2489 96
1055 779
672 564
2563 3294
3935 3462
4073 54
1769 368
22 526
2641 2100
1958 515
3496 2804
1214 2531
4594 220
102 2918
2800 2345
3454 614
4157 1913
3749 2162
190 2084
532 2912
1107 2863
3348 2961
1632 1522
3051 1989
3032 2812
778 699
438 3126
1561 808
1791 322
4658 85
1282 580
2954 273
3196 1734
3450 2109
1161 1080
3834 1576
2441 1760
2241 258
3111 364
3874 1211
4207 240
4493 2383
3951 442
1835 1253
1087 604
868 2411
4404 2920
2872 582
678 2693
2403 2777
2166 2609
3259 2875
3570 2063
388 814
749 751
4487 1534
2178 704
1507 2124
1186 1839
1297 608
1884 3636
4384 1025
1060 124
2018 786
1256 1492
2271 1826
1165 1643
1908 2309
1921 1011
896 3497
2772 1166
211 3254
1905 2734
721 3469
1424 2221
4375 578
2764 2099
63 761
705 3278
4469 3573
4159 2000
2687 393
2662 2142
4418 795
4477 619
3781 2869
434 943
1617 2232
3329 41
4515 52
2698 2271
425 3252
1565 2073
1525 3332
3537 899
3005 732
351 967
2455 1608
1254 2489
997 1720
3843 3177
2674 2304
3432 3531
2783 2412
83 1554
1356 1457
2121 74
2965 2989
3751 2303
168 790
856 1330
1720 259
3638 3260
3158 1614
3649 1051
2281 39
4029 2026
3019 1467
102 1512
2314 1296
4486 2846
113 417
910 1440
1394 2877
3285 3130
409 1987
2425 762
3686 1495
4510 3514
2830 559
2257 709
4347 932
2658 2817
2400 3365
773 2185
658 1780
1946 1037
1041 2555
906 2449
311 2536
4295 1094
3377 1418
2832 2041
839 668
3225 2619
1729 851
2961 1713
1779 1470
1779 1170
3236 1567
463 530
4249 3635
1368 3140
2298 2540
3890 1309
3885 1289
1172 172
1823 2190
3654 2902
1571 1290
4600 4
4291 3626
2039 1521
4398 2004
2745 3203
3970 2784
1496 1098
1832 738
182 766
3711 3219
3047 2159
3746 576
2534 476
4557 2968
3248 1622
2778 660
3627 1943
4525 2173
3074 2418
3146 872
2078 3602
1863 2783
1437 1383
2863 1463
1693 682
1345 997
3229 900
346 1823
494 3080
3418 3432
443 2551
1799 944
1000 3567
4021 3571
4658 513
3383 61
1177 1857
1064 1664
3869 499
1227 3607
4559 3140
3106 1621
3059 1760
1524 61
3357 816
2861 2492
3353 2246
149 3361
3545 2094
40 1985
1995 2358
2633 1251
1148 39
4222 1135
3582 256
4271 697
767 1055
3807 2753
475 2615
4053 530
1751 146
4222 916
685 3301
1912 203
2425 2954
3605 1222
497 2029
2110 1899
4383 2080
65 565
470 1924
2630 3472
20 1191
4151 3611
274 655
2527 2217
4639 39
3575 1298
2517 2509
621 1233
1081 65
1278 2726
2409 188
944 1649
395 3068
4156 1669
4343 621
1931 357
4079 195
4626 2278
3360 3620
553 1275
2991 944
456 1539
3753 1447
1731 3412
2891 2488
2031 2661
2265 3044
1424 559
2840 1204
3842 2404
2191 1885
1637 3295
4449 1402
1511 2511
3213 3220
3080 2756
1255 2138
3531 2913
2029 115
3401 1630
3099 720
615 1873
1555 2932
2612 1941
3982 3023
3394 2405
717 1850
2772 1822
2400 3184
10 3440
735 1652
3570 3344
86 738
3143 903
3707 1056
1613 1267
3492 2490
1303 175
4648 50
729 678
2415 628
902 2523
1786 3507
3471 234
3686 2981
2172 1620
1299 155
1298 3486
1231 3267
1947 331
4526 1950
2481 2380
87 2071
2663 2807
2950 1587
4291 3522
4167 218
1219 248
3185 2033
2968 2116
842 3650
752 768
4133 694
4292 1678
2014 976
765 519
1807 2774
2795 2155
2461 3028
3994 3361
810 931
1192 2933
3646 1064
3794 752
3736 3206
2185 3425
4366 2721
4476 2969
3932 607
4199 566
831 1458
4191 2336
2553 3200
4533 1608
3269 2293
3470 1318
4555 2481
2870 2999
4409 1622
4480 807
224 2052
1122 477
1241 929
3661 2174
1097 1243
4553 1976
2388 1415
3233 1800
1343 1632
455 3449
3388 1068
2044 3387
2946 3685
2795 613
2186 1506
1818 267
470 2427
314 2243
750 2829
941 260
357 965
520 484
2414 1771
1504 1
4089 3082
486 2479
290 3486
321 1696
2467 2618
2151 1050
2046 2949
238 1716
867 3672
3851 2053
3671 3020
3276 1490
2424 2672
2605 2683
2311 3403
2622 3654
3126 2439
913 350
2884 1194
2285 2021
3610 492
786 4
4156 2784
2930 2306
3286 2676
773 740
920 201
2725 2941
3243 114
2348 525
1385 2412
734 1423
1955 2233
393 1090
1224 495
439 2166
2771 1946
643 2570
626 1930
3184 24
3572 1975
126 846
4331 2136
863 1774
896 2530
2583 273
2226 556
4172 3168
94 161
