4265 1642
2604
2560 1630
100 557
201 344
4044 1430
1953 1067
342 283
830 1165
3666 844
958 190
2820 1247
1045 317
2879 767
3884 1327
3062 208
2960 1153
2434 320
3056 958
3595 1510
2910 581
1425 374
2193 1533
1591 1088
2808 356
3211 196
2307 950
4246 355
2965 472
1421 825
4054 863
3927 1044
1423 705
1703 984
4173 1256
66 1525
3564 899
1039 1465
1839 703
1455 1637
4166 261
56 442
3165 1060
348 1311
2295 1506
733 1382
270 535
1797 397
1246 1220
3179 538
1395 1576
1579 660
3225 494
1734 999
1630 967
140 1036
3296 1170
168 381
3245 330
2583 1068
3561 315
536 215
3544 770
3725 76
1434 161
1643 213
1110 851
1927 1328
3846 1267
3760 1088
2514 232
4000 1127
3858 807
774 687
1021 1316
2360 1308
4116 949
706 1211
1321 1554
3171 993
2744 693
1444 927
2335 1553
2032 944
636 1256
1267 1162
1467 1271
974 95
3706 535
2266 1287
3381 128
2643 1288
4234 1011
1370 887
3676 250
1033 162
2586 122
3744 1324
2515 1181
1117 1173
2356 1559
735 1032
2251 1534
2463 1486
181 752
1064 836
1930 1578
182 15
3684 328
3627 2
4042 347
2848 988
1138 1199
3504 910
2634 1475
919 394
704 733
2043 1363
3506 848
3489 272
1615 1219
3506 266
269 414
48 453
4090 1576
1030 410
1325 986
3392 1590
3726 393
1500 1376
101 1621
2745 431
1382 1216
87 855
3277 1419
221 897
2743 1345
2044 728
3232 875
2708 1130
2089 110
1082 759
1122 702
3583 780
3797 680
1824 236
2107 368
605 821
3731 90
1652 1097
3770 1064
1022 1409
2338 517
3928 1326
2295 590
4000 785
515 1473
2647 1488
2329 1388
165 656
3674 1514
3994 1336
1181 1143
166 1249
689 131
3570 953
3116 1462
779 387
2558 393
1503 344
1994 620
1920 1047
2601 1281
2039 1314
2769 1246
3413 1608
3951 1552
3337 198
231 342
1174 1461
961 194
1772 1205
3064 614
2083 135
2923 331
2714 1403
461 581
1500 742
1447 545
3734 1242
3270 666
3977 1307
4205 667
786 10
2219 1553
1328 389
2513 131
468 1421
1076 1274
1870 797
1585 73
3193 721
2609 188
461 46
2438 1466
1765 540
2672 196
1492 607
2124 207
572 1214
809 992
258 452
423 678
2587 950
1243 1144
3862 1565
3720 1127
15 1190
2286 1035
526 400
3088 522
2206 645
870 907
719 1439
2373 558
1800 800
2497 658
1534 102
2250 633
2316 1139
1415 472
3323 1016
2916 927
3772 1338
4167 1239
3369 1322
880 1167
2724 891
2670 1363
3888 735
1831 354
441 600
1569 1371
22 1032
249 812
1012 340
3102 1261
3221 473
2090 1602
3991 794
1631 693
3243 1591
291 529
3579 1083
149 157
3111 23
3230 1446
241 453
1334 440
2451 150
4218 900
2060 1380
1748 1235
3457 522
3950 1122
3719 1041
3501 475
2734 665
58 710
701 851
3465 163
497 186
1539 394
936 48
1067 417
4028 849
410 876
2861 441
17 1187
778 1378
2795 1110
715 1149
3399 228
2395 827
2172 1511
3692 1114
3623 20
2927 956
1509 184
2763 1597
2332 647
185 501
3920 523
1285 771
199 1446
2371 756
2492 783
2481 1326
3378 225
2979 1004
572 1512
2118 1008
2526 1471
1265 185
230 108
4162 1158
1228 265
684 1405
4105 981
3166 1319
1145 991
2767 338
2873 1102
3205 1165
2713 571
5 883
3418 1175
2191 168
1236 989
1378 266
1005 41
579 1578
2040 647
4057 960
820 245
451 1322
3547 1613
1639 396
2473 849
3288 568
1322 385
2331 979
1225 866
154 1157
617 819
4021 494
670 1537
2455 494
4048 1316
366 1143
2976 1208
2425 1087
1246 600
1022 999
19 1591
4147 1344
4046 1486
217 1280
3686 1432
1141 574
929 1145
2925 522
1951 14
3935 1211
2927 976
1397 668
2494 519
621 530
1725 1503
3740 1263
4066 793
4188 607
73 183
378 916
2102 373
1030 90
3077 590
1834 910
2686 1162
696 887
3579 1532
3676 491
772 333
720 1241
285 1380
1867 1077
2898 822
1882 1018
2846 445
1830 1572
1376 1131
3674 63
961 587
3798 989
910 479
214 559
2043 320
3228 1542
1628 1185
1101 161
1788 1003
691 1612
875 1294
3670 190
14 46
1971 360
2861 1199
444 1373
3953 190
1761 105
610 562
4193 1499
2390 169
2562 1061
1107 404
1588 1531
3952 1543
2187 1028
1994 77
2578 31
3002 1197
833 722
3021 209
2694 1607
3236 1162
373 1590
531 636
3578 1201
549 1253
3 1592
3299 1590
4027 45
1592 490
1723 478
1198 1213
885 1063
1460 191
2827 1135
1711 730
1413 1034
2662 686
2112 937
7 1335
1069 1017
543 1081
3335 739
3816 1569
1520 1220
3115 940
1719 890
3080 815
1864 461
601 1093
3092 898
761 1213
636 1325
1907 129
1689 1620
2460 1201
276 745
1495 1323
1749 1025
1152 1345
1598 1389
2434 224
2381 134
3325 424
2054 131
2914 1622
3602 1314
996 436
968 1303
3297 1081
3500 1430
489 187
1674 376
1001 1453
158 723
2922 241
2652 1003
2437 441
1206 1295
2817 840
1727 715
2803 936
1050 882
2519 433
3180 614
2516 1485
3950 803
2274 632
725 31
2702 1087
204 704
3019 354
3335 713
3919 1187
157 1216
49 1287
466 1368
3352 1494
1124 938
3647 1328
2926 168
3062 799
3750 1235
238 1615
3399 763
2122 1356
1125 370
1277 1596
2495 1138
2160 525
1153 980
3167 279
3572 1318
3017 749
1574 1489
1765 324
3160 1432
3479 428
936 1315
808 1342
2869 1606
3898 726
2223 1072
241 117
3826 1498
1374 1582
3848 1208
1430 584
40 1322
1224 1029
1268 1472
503 671
1663 517
363 175
2532 453
642 104
3571 1491
1398 1426
2740 1026
306 748
3988 780
3106 968
3371 1087
2031 729
1138 375
3591 1333
1929 1428
1339 313
3697 1596
1003 1506
3432 1013
3891 1132
2027 1379
3443 286
3015 1164
3843 1481
791 527
2 705
1622 191
310 982
2877 1195
2227 628
3019 1430
438 80
895 1321
589 589
3602 571
3689 42
2057 1187
865 787
1172 891
3442 1404
1781 492
727 555
3877 762
974 738
801 5
1928 341
1660 832
1309 1282
3242 1312
1625 100
308 1546
1685 1054
941 588
3090 1088
641 934
3030 711
1562 1435
1943 642
3298 397
453 1391
3083 1127
2616 1472
2906 1473
2435 1423
4262 422
865 485
3493 1194
2375 796
2848 480
1698 1367
2368 765
625 43
2197 1391
1484 1542
3260 62
2488 1556
3036 550
2522 918
3427 25
1666 412
3503 1594
2766 456
397 418
4099 317
2944 1601
1653 714
3009 925
1317 705
4010 783
3660 1444
3748 521
2932 1158
2509 730
292 815
667 337
3857 1213
3027 1526
1183 446
768 432
193 1576
516 1475
2645 53
3545 315
2874 614
354 654
612 613
4060 1391
684 1076
2458 1147
3448 225
3460 604
1364 175
1655 291
4120 46
1244 1072
1865 411
453 298
3537 1113
2933 121
751 987
3663 1445
97 1405
2773 1209
1051 1404
3264 14
3956 1540
362 915
3613 874
519 424
188 386
2757 649
177 1341
3045 466
1068 16
2749 1222
1322 1426
2172 422
2087 687
3642 1109
920 679
3399 1086
1759 262
1017 534
3492 9
1430 610
5 235
2181 924
2094 64
3914 1464
2856 397
586 516
3136 1281
1387 954
4152 457
2458 777
41 1274
1855 593
4242 126
2914 1496
928 1101
1389 704
1175 310
1402 226
3872 60
2511 351
982 960
1383 1512
2328 466
4058 884
2292 1022
760 980
3924 689
1391 71
1091 771
228 461
2185 749
2315 61
1643 41
824 786
1901 883
3234 209
3872 839
2448 645
453 781
1876 1304
887 711
575 800
599 1597
2521 1638
2995 1170
383 1436
3590 860
2520 122
645 1166
3824 555
629 1293
3680 488
497 29
1478 530
3783 176
1249 110
3978 484
3283 461
55 865
1499 1454
83 341
3275 512
3302 328
2203 24
4162 263
3510 556
1727 377
3466 1086
2700 218
3773 96
2811 992
1713 370
4002 826
827 203
3000 416
2209 776
2416 975
1041 630
2604 568
3053 235
851 1244
2241 372
1957 1437
492 432
202 315
4168 551
3579 473
1799 938
146 1461
1267 317
1632 21
1760 343
3031 1436
3891 618
295 672
1053 1555
2005 890
2046 535
909 637
1163 436
2276 396
3195 283
4248 510
478 858
1189 956
2294 1577
862 1622
3804 810
2582 197
999 171
942 879
2076 396
2193 367
3844 1399
3598 1079
826 909
369 893
1014 1328
498 779
2434 626
3961 1533
30 602
1930 1260
3612 743
2458 340
351 264
1470 285
4074 517
2352 685
2265 1238
788 644
2477 330
3782 1569
2397 817
3082 433
1814 989
1944 247
1704 164
125 941
806 659
3439 405
1250 573
3115 1188
1875 1502
3277 429
1726 668
512 724
2302 252
2027 661
259 987
2820 1083
1751 233
2285 257
99 1588
1039 1402
3249 362
2994 203
1036 5
1307 1568
2711 1547
2137 347
658 547
70 28
752 1420
1436 897
1261 274
440 24
453 900
3515 1506
4182 1343
4076 741
688 1196
1490 399
349 149
4096 281
2698 1430
2072 1060
3430 121
916 1461
3880 747
3815 1069
3967 1300
1825 273
1146 621
1428 336
3842 1421
375 425
4119 1063
2463 275
2201 471
2686 380
2821 1017
933 953
1019 1610
2446 826
1748 1353
2230 177
1320 1371
340 1080
2642 1457
322 829
3259 1532
3454 298
1542 449
68 294
3689 29
3606 700
2600 1044
3514 1004
2972 815
4139 385
371 500
2637 1564
3664 1021
1090 767
3445 299
4073 491
172 285
1123 123
262 36
548 1561
2606 1294
2583 746
2687 1582
3 92
3906 1561
1651 869
143 857
1820 665
3796 223
1033 1
2333 956
1247 1189
1694 1123
188 1206
1026 103
2063 421
2661 639
2579 1321
2343 1211
1600 778
945 71
1913 367
2083 940
1132 264
3231 58
3726 307
3399 962
2306 72
3381 1254
426 1079
7 340
457 500
895 420
1218 580
3844 1099
55 971
2668 1639
1990 1201
1075 420
3765 1336
365 309
1237 517
2963 332
825 236
4114 1630
1612 609
4066 1439
510 1336
1803 1173
3454 116
2456 795
4245 1469
2521 1224
1122 405
4217 711
2369 278
3746 717
1954 47
3273 420
96 1255
519 522
3786 1086
2102 215
700 536
1925 739
490 1511
4222 1568
3475 1547
367 1039
2678 899
2701 1118
181 945
1933 501
3663 607
1473 747
355 554
4041 1444
3077 668
758 849
3476 460
827 355
4127 537
1332 529
4251 454
482 1583
259 697
3504 188
1930 1386
4167 1119
3522 313
4064 568
1573 1600
202 1640
4017 889
2684 806
3071 885
341 219
2387 72
2745 1250
1400 134
3070 667
1214 614
3683 1626
2407 61
3776 407
2986 1053
2037 1216
3283 1510
405 415
3542 4
3737 1200
734 810
728 835
540 605
4208 1373
3184 948
3866 1575
1745 1295
3123 396
2444 981
1302 741
939 1594
1678 735
1644 1456
3657 874
2195 238
1414 1356
1222 219
1536 319
3025 120
3292 1202
906 896
159 531
3413 252
3949 457
2529 237
719 332
2856 1379
1477 393
1480 14
3890 798
4105 688
2846 1539
3768 46
479 855
2412 557
689 1436
1724 1133
2623 1144
3262 1488
679 684
4249 1362
3230 208
1557 1100
1944 542
313 113
168 1183
3705 873
3201 35
1794 1316
415 870
3867 1463
3271 1429
1028 311
2517 935
3136 1041
4011 680
1239 512
2819 1464
1857 1460
1197 1521
3924 171
3271 33
2156 556
24 750
3302 451
1337 1152
4239 649
1875 1009
2010 679
3129 1370
1598 974
180 121
698 113
185 527
3870 659
3059 1535
1744 980
3532 807
2905 997
223 1111
1101 541
3884 1536
3305 1307
3691 580
1449 1592
4095 426
1567 1081
13 357
3433 477
2197 1509
3268 766
3655 661
4192 1218
4023 1310
369 1219
545 678
4148 1395
2004 1235
3391 289
3666 1015
3208 655
872 494
2214 907
1467 1101
2362 435
1562 1567
2189 1167
3817 470
657 88
2391 430
2312 465
134 38
2346 378
1225 129
2248 793
836 1317
1175 1474
481 1218
1998 419
3736 146
2691 510
3512 179
3485 1060
3560 92
3574 892
1540 1502
2295 417
2062 506
3554 647
3463 1134
2589 1450
4260 1434
967 1184
3893 402
1305 357
4181 643
1231 772
4082 15
1244 584
954 1064
2648 778
1385 1483
57 959
3147 140
722 891
3718 567
2550 1356
329 1444
2554 493
3172 1454
2855 1067
409 1145
2034 504
2365 305
276 1042
138 319
2214 321
3830 717
1539 111
1187 533
1446 1407
1531 258
1300 911
575 617
161 593
2862 1399
862 647
1056 703
1782 345
1090 1555
3006 1413
3729 961
2583 302
2901 862
3418 1474
2239 1308
31 318
4170 1333
3104 493
3049 160
939 1197
3645 699
1805 307
1276 24
3390 580
3894 1507
988 1404
4227 1559
2580 1159
3735 107
2928 989
2273 541
3403 1393
1635 1016
414 911
3427 1395
3713 810
1689 964
3420 1086
2954 478
3467 344
3716 148
2072 89
1439 1014
3325 692
2653 839
866 615
888 599
433 1274
2910 104
3115 541
980 1150
2325 631
1495 33
2332 897
821 1069
2572 1482
3877 1030
953 968
715 707
506 1175
2972 447
1101 869
380 287
3848 695
2512 79
639 971
3730 1128
3378 103
823 691
2508 356
3991 400
2247 82
1991 1160
789 354
3613 448
595 1527
1387 1401
516 1637
1215 1145
2181 1391
653 10
2063 162
263 1029
2996 1186
1397 968
3242 1222
1984 165
2511 1072
125 1275
2177 1163
1523 395
1795 1083
96 129
2207 1078
3149 193
633 1431
3963 1232
408 1071
3319 187
1890 68
2654 389
474 819
3467 737
3362 461
2339 1220
1335 474
1170 1139
1212 1254
2648 1514
1587 170
1568 422
2599 986
1461 807
606 193
4031 964
4052 121
1211 5
987 321
2823 802
3621 1516
2048 1043
3045 972
1870 1397
181 792
4129 514
3089 776
3922 804
2950 1576
3822 567
2569 1092
28 1606
906 624
1351 751
4226 60
3625 943
3085 467
3266 240
1781 378
1356 973
3005 181
4241 455
3668 1066
2771 1204
732 326
4245 114
3922 1097
1543 964
1119 1559
3883 533
142 459
1458 1021
3348 548
501 1538
2605 820
1403 1027
1562 541
1240 1139
1085 50
1178 1120
2928 919
3565 343
3270 957
3991 24
1005 823
2708 292
1502 1491
3490 120
2736 125
3710 768
1947 1324
170 988
2960 68
1501 710
1921 1604
1944 790
2623 998
3249 1409
3 1472
979 424
1453 703
50 110
654 224
2675 651
2452 581
1107 569
2462 769
3421 366
3854 51
3890 1570
2801 93
621 334
1682 1022
3073 1272
687 235
4092 795
3825 735
4244 610
3541 1286
3926 1314
256 633
3850 586
2755 1115
838 1443
2860 1363
4006 982
3707 1155
737 111
4088 298
1913 841
3096 1591
1097 484
3518 1033
1166 562
2781 704
724 449
1386 836
1058 206
301 1475
1841 814
3277 1256
2567 1408
3120 531
3381 1336
1961 702
3322 462
1306 1337
1731 644
1567 1180
3266 1244
679 514
2819 350
2191 1539
4262 306
3445 1532
3721 318
247 217
3610 1007
3498 1153
3360 1027
3339 384
1875 1456
787 1362
3353 1036
521 48
1378 1574
926 42
847 1060
3948 521
39 1109
3204 843
2681 885
979 464
3536 581
1034 1389
366 895
677 1063
3696 6
2171 1337
2879 628
1690 317
1738 1299
3143 617
2136 1131
1858 273
2228 915
1304 1197
2826 248
2835 267
888 1592
2831 1467
3986 1032
2391 768
3497 347
3391 65
2173 1373
3218 1349
473 1322
3148 582
2647 526
1332 237
2275 471
2464 202
1062 1064
106 1560
1469 1028
111 121
2483 1638
3710 1632
755 1245
2592 1219
4025 1129
1731 851
1286 675
1106 752
2120 884
1974 615
3034 1346
2485 527
68 1605
3781 128
2878 1544
2040 372
3874 763
676 321
1925 1627
202 788
612 235
3140 1292
3098 595
2724 780
1276 1336
1097 836
2309 1371
3004 158
3880 547
1269 1193
368 516
1772 937
1296 1414
2624 375
281 1022
3665 667
3711 1268
1846 762
3673 428
2294 595
4087 57
3361 1223
507 1063
880 1314
3288 1493
709 1423
1429 1584
1634 758
2097 1072
1979 748
697 300
2211 78
1981 97
2289 106
1076 1289
4061 1587
2552 1595
844 1609
2424 454
2463 677
1145 611
2649 468
2532 863
1637 1534
2541 777
2513 381
1562 361
4262 347
3440 1291
3091 1210
3534 262
98 735
694 1014
1950 1637
4145 1126
2815 788
2274 399
141 295
3469 1195
2542 1360
2138 1553
1741 1165
1660 470
885 1614
2868 1286
3703 1228
1240 1488
2902 713
2501 861
2888 1408
1408 312
513 1060
582 570
1072 1336
1119 1641
3024 1149
487 304
2327 443
2955 850
1743 1157
2126 194
1887 727
367 642
2512 126
2737 134
3575 970
3823 216
2001 124
279 664
1018 318
708 1605
3251 937
957 172
2070 1326
815 1545
2387 185
1436 969
1926 1042
3058 488
4180 40
2946 688
3825 1450
1401 1519
3333 1113
1987 804
2169 684
4185 1602
2251 897
1282 512
1584 1621
2797 134
379 541
731 755
3473 552
2440 859
3353 451
490 386
4033 828
394 1135
504 1107
3367 777
1413 925
2 1167
1914 1386
2100 1295
3269 205
1330 292
2899 1031
1251 976
353 1450
3210 389
365 695
2086 529
2259 1507
3284 49
196 1554
2912 1308
873 564
1307 558
4038 330
2054 1234
3265 861
3657 1213
879 771
4115 1598
3353 331
882 777
2119 1288
1621 126
538 659
3253 1523
2065 1384
3069 1110
1709 254
2996 933
3428 1226
3268 1272
1341 841
1064 1293
531 301
63 1410
1863 614
372 963
2931 500
1610 1190
3170 1427
1932 289
36 359
3578 543
2155 948
2113 1423
136 1443
1466 1537
1580 579
1890 667
2457 709
3729 992
1450 825
998 1262
2596 636
326 787
3261 1487
4221 774
4078 904
807 1246
2910 535
1419 1106
2482 64
1382 405
1618 1483
3534 602
2473 162
463 127
3848 669
3138 1503
1892 1344
3090 1221
385 1116
1991 86
695 1178
1207 367
101 394
3740 1084
2358 1509
4209 621
1017 1022
3913 1465
2910 446
732 63
3529 1238
3423 1309
585 1293
618 154
4155 18
737 662
3735 1195
2120 1422
314 1196
1702 52
1719 647
2655 596
3185 1498
3097 586
1516 398
3885 127
711 1610
2636 662
2010 629
1007 161
368 931
2459 1109
2196 860
3469 1193
3470 1269
2031 134
2460 368
3082 1572
1688 1074
1630 845
1065 69
2796 1600
995 893
1617 4
3551 1467
4213 490
1134 845
3949 1352
3997 426
2937 847
1267 1228
1838 1025
3453 1584
2431 259
1975 293
1762 1445
4128 1128
4248 751
2038 526
2495 926
449 444
818 282
1564 1598
3670 436
3726 74
3084 255
3813 465
2270 670
4087 278
1726 1109
1593 347
4161 977
3835 745
3688 662
3201 1502
2353 437
4120 543
3599 248
2152 1260
1206 148
4082 1412
1271 1331
1064 1091
2470 230
1804 736
1573 1491
2147 382
3997 118
3754 325
2880 592
2138 1214
1447 586
3746 1076
1728 1493
1667 798
3291 1523
4162 876
1866 13
1236 647
427 819
3179 546
3752 741
137 1538
1707 416
3466 531
382 420
787 835
573 1361
3390 1249
3736 706
1092 1158
541 1269
2033 1366
2121 1182
2420 308
2814 1448
1571 292
4220 1443
3221 824
1381 500
1609 99
3019 1244
2570 793
3732 237
1898 1316
3470 1443
4081 589
3693 168
2175 420
1395 856
2768 124
3480 689
1051 828
3614 1513
1485 112
2277 676
1572 1138
1234 1551
2138 174
44 1539
109 1051
1124 896
4082 518
1393 1402
2538 1164
3315 1116
1465 1622
3840 7
2225 137
3469 367
3650 298
882 244
202 1239
4142 735
3595 194
146 266
2918 1143
2371 1620
1288 1593
3174 252
511 1146
2170 483
715 427
3897 651
2449 1173
961 661
3118 789
202 1214
813 613
3511 1248
4086 352
2193 1295
1021 437
4098 1303
1744 819
4028 173
3997 988
1895 1339
630 144
1486 1033
3657 454
3418 1153
7 1033
3291 783
3093 112
1265 1509
2753 618
212 653
1677 1553
2518 389
2785 573
3573 1121
3100 524
4206 873
903 594
3053 1368
3954 1525
2223 58
2838 1108
1420 1348
503 69
1118 1378
906 820
664 511
1585 1639
2113 1190
1132 110
2346 993
2733 582
617 334
316 762
1308 1129
3625 647
2959 726
3611 433
3530 249
1499 424
4130 966
3600 647
1071 1080
2177 980
885 666
1934 185
1605 123
1206 1436
1373 269
4094 1023
322 715
1967 1484
2309 952
2787 1488
2966 1489
2060 981
514 1188
1469 974
3832 431
67 1040
40 730
1301 1608
4126 1523
583 1228
3166 495
513 621
948 1109
2758 1491
1269 354
960 178
3241 925
1756 1463
3701 1231
2639 1460
886 1603
2406 1444
3866 405
133 539
606 552
4051 963
2488 1259
397 838
2709 752
3470 164
3180 571
2900 1352
3365 1492
434 667
1905 112
1516 1112
347 1392
3918 1630
512 1171
3664 1554
1405 1608
2002 1195
2001 687
2994 454
2352 493
3432 117
3874 118
4070 1407
1747 999
3430 1410
390 1113
2612 699
2555 706
2216 144
1604 32
701 457
3235 166
921 216
1332 1139
752 1254
1996 1536
3342 39
1902 649
2419 128
69 189
308 1083
1025 501
3293 1500
1533 1082
4111 1486
2729 280
1562 687
4153 1106
25 488
3637 1026
3126 577
783 1341
925 901
2159 857
2050 879
139 1187
1052 757
288 7
1280 1227
2910 1108
4016 569
1833 1274
4258 183
2393 1479
4263 247
2340 717
2699 100
713 572
3748 294
606 999
539 135
2069 973
1546 332
915 318
464 137
606 506
2615 487
3467 587
1732 390
540 759
538 1583
482 968
1941 530
283 791
3983 1387
661 115
1906 801
1252 1212
3443 1155
1799 1136
2367 1545
2992 211
2165 733
593 26
133 1499
1625 1022
1465 1039
1376 1263
39 1398
2769 1501
1654 126
2714 1115
824 195
3307 1198
205 877
889 720
1255 1536
76 269
372 674
2436 976
2460 178
3989 762
1571 76
3916 1050
673 165
284 217
68 140
3817 759
1662 1352
4104 1354
3747 303
3240 1631
2544 678
731 1478
630 822
1810 315
3196 840
3797 129
2249 1257
2250 765
3340 76
1651 1176
1535 943
4010 1229
3746 992
1616 1207
1695 1129
648 1000
2549 117
937 1148
2831 135
2249 650
2884 1467
1031 598
3918 427
2580 1630
1314 657
4193 341
1058 166
3031 1331
3204 415
536 1394
2836 973
3413 894
3987 1322
3952 582
1688 527
1041 51
4264 1524
3292 40
3019 1468
4195 40
3565 257
1475 145
1587 1128
305 416
1977 1273
1964 1277
4066 1291
3524 727
3257 859
560 832
2805 309
1765 1439
3736 422
2735 325
1608 1455
3243 1631
2878 345
3836 886
706 1089
2700 1586
3652 606
124 1302
3422 576
1978 1207
2003 717
2552 152
2197 1142
3868 472
1232 43
905 1333
3819 1048
794 519
2886 1334
3520 737
2855 1352
1525 179
3275 1624
595 730
1854 629
721 650
1869 1595
2680 386
872 304
954 1199
3720 1456
3359 1641
713 1079
1379 501
2936 1617
3620 965
2344 74
2998 1139
2459 136
1534 1554
3147 651
3217 464
4000 49
2945 815
2156 1244
3841 902
3667 494
3407 850
445 1298
1379 615
3859 46
509 58
2069 189
3844 108
2174 1506
2170 1333
2417 1150
3015 674
1856 601
1556 1256
983 1180
2629 1481
3477 1378
1692 1391
1430 862
3215 411
3451 1392
2050 561
621 532
2398 1115
111 1395
2630 1356
4019 10
1972 175
1981 1633
1459 745
3646 1518
4168 190
1613 1485
2962 1270
1376 925
574 623
148 1493
3148 1096
660 1322
1321 1260
1591 775
2748 752
2930 1440
2659 100
3499 1276
2881 395
1051 500
619 1051
3392 979
2233 254
4165 1621
3720 893
4029 590
954 1563
2845 731
1623 1500
3121 72
2462 420
2607 1444
2765 64
384 186
2968 428
3859 457
202 862
1880 673
2927 939
875 974
3588 1273
2265 1631
3918 929
936 1
1339 758
2623 105
755 620
3702 1607
1601 1353
2042 827
4243 1567
206 1557
3351 890
3789 634
2197 482
1396 932
151 429
3399 1197
3090 346
3997 1538
475 653
182 1603
1922 689
889 60
2451 1218
754 1430
3301 1468
3515 504
382 309
4253 353
1591 667
1225 206
2655 1184
1549 712
3432 1044
1407 1457
1374 288
2846 553
3240 533
3290 421
3012 707
1380 1118
3882 998
522 1273
214 1507
1769 1035
1144 115
3915 30
3254 813
3351 64
2891 1504
2333 297
202 569
2632 203
2662 500
4154 182
177 1511
1974 1436
1958 791
4251 772
4112 1025
2040 214
4041 1475
1105 1307
2705 319
1613 1422
1718 557
92 1324
3683 1616
2747 1511
4172 865
1145 1366
375 850
4247 463
1107 497
1353 1388
3358 1598
4111 992
966 326
392 966
1297 1539
1195 1029
2637 1471
3342 1123
3565 1608
3276 50
2362 390
1913 928
1676 1048
3951 912
3282 1218
1364 1297
1323 1117
2632 904
2255 101
4256 445
621 1375
4088 473
1008 1379
4203 1357
763 220
3030 599
1441 989
3156 359
1875 27
2996 785
1619 579
3080 1075
3130 194
744 580
256 527
789 591
4116 281
3906 603
247 1045
3989 470
818 1214
771 975
598 1258
2240 956
4065 682
174 878
761 1055
1814 1051
3781 86
3454 1142
2322 1020
1055 1426
2502 1295
268 4
2054 507
2500 794
2755 288
1447 488
1962 1561
1145 683
3191 1140
3804 515
3215 475
3972 1478
850 869
798 1055
3034 1624
4001 817
3847 338
1586 156
2005 431
2683 817
3954 515
2803 238
982 599
613 506
2817 664
884 665
380 498
3147 728
2788 1013
198 1444
2092 584
195 1163
1969 1398
4174 1062
2245 1425
3758 381
946 1101
1390 987
1689 968
2508 684
592 1506
2320 1395
3130 597
1720 1428
3195 1200
3961 1077
1358 702
1280 1628
624 1054
4220 520
2893 383
2651 1638
2630 743
1630 1263
1375 1484
883 1427
3093 965
985 1073
3431 513
1049 1521
2053 1252
3313 527
1016 1560
3086 665
3151 1167
3529 220
1407 1494
4175 444
422 1096
2715 710
3593 893
3811 1531
1615 56
1810 816
370 792
2012 684
2341 229
732 1588
247 1606
395 497
220 176
1232 1086
2368 91
434 824
3613 51
3860 894
1542 275
4073 1074
861 513
2271 379
3314 1593
575 1127
2010 388
2706 841
1703 771
1991 373
4076 1581
788 872
2640 866
2894 352
3999 1038
1747 679
860 1025
1353 252
271 1163
1422 589
3638 348
2894 51
2943 648
1041 361
616 609
1489 898
3543 1474
1993 1271
113 1613
486 958
3695 1543
1424 193
2160 1484
2953 662
2321 151
1843 645
2342 462
680 910
1968 1600
1841 833
3305 518
2437 1526
3446 78
3839 1217
2443 516
2705 809
3020 502
3110 668
1819 264
1953 14
616 340
2531 1573
261 555
647 1621
297 49
3134 814
62 1139
806 1366
491 304
2938 827
134 1530
3069 1372
655 984
3866 1142
1470 1003
1882 538
3592 293
240 173
169 393
591 1517
3162 331
4076 903
1837 802
1199 155
1472 1640
3615 83
1857 1062
1464 692
98 847
1295 214
1616 1338
758 229
94 550
2361 453
1953 1179
758 1527
500 122
3735 1549
3632 507
300 483
419 323
3156 65
782 613
1897 831
159 63
1355 531
207 76
3598 671
816 9
4073 223
1347 756
3034 1369
1485 952
157 781
1468 1561
3276 156
452 1323
794 778
1174 614
2593 960
758 1068
3868 95
875 87
665 946
4205 165
1742 838
2332 183
4058 1166
3528 944
785 1112
3984 484
211 1026
2482 432
1594 1602
4249 575
489 1432
379 779
3315 803
2355 318
835 1005
2182 584
685 623
2439 347
3231 402
3400 464
1857 267
3227 71
1469 611
2032 860
1997 1359
2813 504
2086 385
333 1281
2212 921
29 1570
841 1560
108 1232
1752 525
2767 493
969 846
2047 598
3555 1003
1830 1560
2945 1618
354 538
2411 1008
888 1072
982 1551
1763 766
4247 1472
2180 441
2345 714
1629 1295
2975 77
2364 463
1475 1099
2484 651
2053 783
3973 865
3597 890
493 806
203 1577
3850 1070
501 740
3907 371
2772 1399
3869 1520
3524 694
2824 629
