3556 9098 100
552 2793
34 2757
2068 7095
3228 7065
3461 1943
51 3864
3202 4173
1858 1837
3096 3792
345 1017
1575 5285
3099 7747
1178 252
1981 6672
2671 1367
3453 2682
3204 81
811 667
2087 6844
1505 8429
20 2944
1685 5846
1721 6587
1950 1883
2268 5660
3372 1722
2945 7800
63 7391
3048 3705
111 1981
2468 8939
910 26
3146 2267
188 4391
2123 5490
2172 4121
2958 4395
1277 7831
2649 1851
1369 1778
2789 150
517 5301
923 9097
1359 3692
2986 1380
1545 6522
2964 1726
819 8812
622 2296
1930 6401
534 7327
2177 401
2727 1668
2409 7282
1591 6468
3172 2439
2447 4037
2558 2750
208 8037
605 1853
839 6750
683 3315
3338 6169
821 2611
835 838
1653 8696
2862 5373
2043 2323
3413 8393
1200 580
490 8939
2499 5843
496 1625
2151 5762
2628 848
1432 7924
1453 110
3138 5796
3128 2868
2898 6460
2021 1012
2233 5388
3216 5786
890 6732
2820 8675
2867 1957
1156 5584
3299 2020
3013 6600
1712 3710
3208 5310
861 720
3282 8852
1426 8449
1683 5633
1465 7043
800 3927
1056 2834
847 1542
1798 1801
