8012 7443 100
6032 388
5689 2859
7039 1319
2229 6839
6411 3128
1192 7202
826 4319
7980 3344
5870 1842
6162 4185
1134 5348
5417 5865
614 1462
5077 7256
7966 1975
7403 7319
5468 2075
1850 2402
2869 6022
1116 1802
6140 1593
3314 3471
5819 1363
2294 3257
329 1597
3219 2187
1427 574
4408 3902
6204 5691
2571 3234
5310 2244
2734 4403
5738 1353
2297 3825
7823 5998
6219 3528
7778 801
2551 722
7874 3727
2536 2170
3363 7225
6134 393
6824 4378
7388 3731
1343 6933
3106 5823
1220 4460
3344 3229
3973 3365
2588 4493
5655 6844
5680 147
1113 2338
3250 1069
4827 5845
1907 507
6999 1944
183 6982
2647 4328
7257 4430
6984 524
6685 4885
6896 3728
4358 4261
4692 4659
5090 3373
8009 3044
6860 3997
2208 7252
7832 3137
5075 6562
5491 5165
6877 3796
3017 5256
432 4441
3387 7055
4353 6487
4470 6002
4939 2324
503 3666
5955 6215
7068 1281
594 4635
3031 4261
3123 5059
6072 1300
1204 6403
7231 2683
5998 2598
340 5187
7073 4022
6523 6802
4194 3398
6280 1206
5008 5595
5153 4354
5175 6045
5398 4988
4542 7163
3485 2551
