10000 10000 5000
9628 4264
5369 2730
7629 4341
8295 6397
4042 9236
5476 7860
2586 6813
4629 9582
3789 8487
408 673
686 1390
1181 3296
6283 6491
8520 5268
8056 9351
1249 8032
3224 7536
2274 6840
9578 6631
959 9979
9072 6712
6348 2971
5297 5012
17 4459
1894 4818
1342 2865
1564 3804
6438 2894
2190 6935
989 7782
8136 2176
3723 2575
2285 6798
4827 2417
5016 5591
9062 7987
3454 784
3949 248
2346 7786
3498 5010
923 9022
2970 9209
8164 91
5882 2882
3836 4075
7500 2897
8880 8113
6821 9150
5141 5957
2324 5242
4320 4769
6391 5889
7631 4650
6955 4004
7168 6766
6485 6427
6139 4908
2594 9292
9827 5758
9349 5527
5488 7032
7021 2010
5908 1770
3441 4377
1405 2179
1186 3211
5985 8963
9524 7028
2765 4770
1645 2122
7563 8737
3102 9457
3382 6825
6562 842
5167 7879
3983 4944
5280 6025
2946 9761
3159 5248
5354 2134
8850 101
3511 1713
5504 7062
5844 2592
6238 8063
4292 2351
3565 8310
758 3395
448 924
8939 3104
3923 4620
1419 4551
4387 9750
6926 5827
995 3220
990 4808
3728 5765
7387 6860
9604 8997
2879 7649
4127 8286
5520 5885
5318 2358
720 7958
8743 5848
9942 8787
8598 1203
3520 9003
9027 9109
3428 5229
9021 3322
4382 3099
8765 8709
1752 202
6781 9055
9745 6061
7909 22
178 2956
6534 9262
6604 4763
3449 3417
9557 6597
9319 7478
9234 3956
5480 7960
3014 9670
3423 5103
5158 7862
3484 7781
5539 5834
943 673
3896 1564
7947 232
3876 3643
9571 6301
8898 1669
8869 2898
3356 1547
7811 2174
7656 9422
5762 7474
4042 6440
3962 4362
4868 5699
1115 6533
18 2345
9409 1827
730 2915
9424 3950
1376 2498
3338 519
9927 5579
9087 9673
904 6857
2160 9311
2463 8002
5396 9998
8820 8873
120 179
4806 3912
757 5628
9685 2250
2781 5799
656 6460
4514 6769
7002 3073
7535 7849
1303 6971
3839 4779
4596 7395
3976 1254
88 1737
3220 2493
7134 6319
7685 1589
3014 9766
1803 2629
5327 6027
958 3565
6464 705
7374 439
6273 3372
4504 7648
1718 5663
9901 9874
5724 2680
4115 6494
7019 9324
9179 7947
7847 7345
7921 3846
4810 4725
2532 2649
8181 6782
2764 5873
9201 6854
6396 9489
3405 8222
3642 9571
6573 417
7786 7918
5639 2607
6469 6260
5444 3767
8963 4176
3004 3971
8417 2652
8699 831
3661 9798
603 9304
6967 3854
6873 2623
8604 4916
3032 5158
982 9435
2522 1429
8012 4568
5665 8102
9826 3096
2980 7211
7307 2962
4370 4206
4661 8777
8065 1869
4683 664
6506 2194
8952 7857
539 9061
8395 7318
1539 9095
10 371
7370 1067
5835 6196
2065 5937
7815 9601
1952 8825
9387 773
3319 5338
9410 2918
7756 8785
7953 6884
5809 1634
6867 6751
8954 3788
4807 1136
7216 9781
4368 2972
492 3623
6047 1210
1572 3074
8837 7050
9908 811
1096 5324
6328 102
4644 4510
809 2234
2799 2603
5179 1799
1370 1264
5136 6705
3143 9400
5541 467
6523 1108
9551 4961
2343 4324
9088 4076
9773 3428
667 5513
6629 2263
3833 4735
6005 1709
1923 3976
1343 8535
5316 7212
6386 5768
2633 6414
7466 9166
7914 6524
3866 5622
646 4871
122 5068
8671 9870
5831 1982
5944 3563
4390 7503
8280 178
4363 5448
1017 1530
908 7632
1940 2100
4115 9188
5867 7475
2599 193
7618 2454
389 2148
7467 5357
6541 3475
7016 111
8617 7497
1854 1858
4529 8597
7407 5304
7188 6819
1801 6452
6873 1557
5507 3901
562 7561
6985 7645
2576 6658
3767 1366
8684 8213
4102 6574
2528 2497
4185 9874
8148 9604
7820 280
3285 7444
9269 6851
5394 5051
2378 8695
569 3595
8099 3366
4923 8982
1221 2100
962 9367
2726 3236
6385 8436
8961 5912
1891 9168
8992 4264
1759 8928
4595 7309
2289 8907
1020 5785
1340 5696
2785 9951
4027 1496
8692 8974
8493 7524
9516 3938
7504 1753
4089 6649
750 4449
3442 3889
3902 7324
1162 4179
1156 1940
6169 1517
3170 3006
3193 1569
9469 2514
3929 2215
7232 4813
46 9911
9694 6700
8696 910
5328 3266
7954 2359
2182 1060
1086 2903
5365 558
7617 8214
3668 3568
2043 9811
6452 5486
454 8220
5280 35
8428 5576
9350 7471
9074 8799
2317 6276
3065 9561
4988 8607
7043 3784
7661 6417
8464 3694
9828 1811
4530 6882
1680 8530
3838 6481
9275 5861
5225 7998
9820 7808
4501 2245
4386 4420
4764 1585
2022 8216
7802 8334
6146 7930
128 6199
9521 7329
6750 8775
2181 6240
3600 5074
7929 226
4457 7396
3437 2825
6542 6382
7560 6562
6463 9440
1314 5864
7196 2427
9485 126
5892 7946
1336 3800
3401 451
9428 5695
1196 8126
1429 5909
5129 2493
2868 3579
4220 1163
4046 3103
865 272
7636 345
5399 602
9600 3096
8763 2493
2161 5128
2880 5914
3004 4619
9205 3476
1790 1406
8286 4537
9134 2065
3618 7890
7485 999
9236 310
1648 7198
589 8909
3082 540
1638 3055
9596 8744
4981 8935
5704 1899
9069 3226
5110 913
9817 6556
82 1496
8973 2193
9018 2164
8092 161
516 6037
9627 9797
5593 9919
9406 3866
6454 1545
8421 5958
2781 7183
272 2158
7550 5453
1170 3438
8124 6610
1005 8225
4654 2774
6825 9723
6475 752
8176 6794
6553 3741
1091 9506
6512 8230
4072 7541
3853 731
2060 9161
8326 6558
2394 4415
233 2087
6582 6421
7574 6484
9052 2209
6297 1101
6756 1998
2685 1434
2069 7396
1326 8048
8984 5340
5093 5307
8290 6411
2077 8564
7409 5263
5639 6964
7930 4278
5660 6109
3047 6985
3623 8955
6496 832
7611 6945
4358 874
8499 2053
5153 7495
473 14
168 3146
1243 3485
8962 7278
6467 4672
9237 2179
9027 7477
1145 3628
1769 6756
6971 1293
7432 809
6407 2637
9337 5828
5692 9348
3691 7208
9318 8367
2164 4793
7583 2666
7229 5500
2701 9798
5358 304
5427 4504
7093 1332
3322 3269
9394 7174
5680 5236
4100 8113
9917 4560
8757 9990
6427 5042
2025 2893
4963 2052
8271 1459
3074 4116
6728 3128
2563 1545
9717 3277
8956 8774
4519 2580
958 9939
6318 241
7625 3694
9636 2678
1734 4340
3303 4074
8306 3852
8676 9581
6542 7403
7163 2433
8231 8016
5638 5226
5355 5248
2256 3758
9071 6823
457 5790
7652 2202
7248 3286
288 6390
2600 9811
2557 3691
9520 2399
9146 7798
1454 2519
6756 2821
8837 8104
5027 8427
6564 7262
7371 2418
3367 6108
3101 4167
2911 7364
1995 7739
1081 4355
282 6180
6000 3299
5372 3087
7898 201
5810 9854
3366 7598
3203 5163
3904 6481
8977 9688
8879 7693
1269 3451
6368 6139
3716 2781
3027 9590
6397 1778
9742 3982
8124 8146
4593 2703
2549 8781
4773 8501
6506 8744
9911 6272
6638 341
9629 4123
7578 6079
8666 8718
9323 6863
5859 6847
1282 6771
3725 7873
3080 7427
1306 8048
9681 140
5339 3534
5040 8160
9662 359
988 9196
5341 5126
1003 1908
3800 2400
7781 6634
7633 2400
9388 7250
1061 2311
8540 2915
9846 7834
215 7543
4892 805
4296 9369
5028 133
8963 8971
7620 4555
7626 1256
919 9578
3441 1147
7583 5627
8738 4198
247 6748
522 7694
8955 9952
4645 1607
2292 1215
5431 5391
793 2526
8231 4225
844 8000
3851 4799
9584 6036
9166 6665
9149 5167
7413 3100
6472 7554
489 9948
8657 5404
5814 4865
1289 9320
7248 4291
95 2714
1229 5088
6817 5085
3433 5797
4841 1045
1727 3309
170 9473
9073 6158
4282 8179
1028 5516
5827 7983
1953 6078
1992 7598
3881 4165
9215 3228
2174 2564
9960 1035
4005 1465
7918 3273
9053 9057
3099 9994
7688 5674
4477 1659
6311 6575
7071 7226
7600 7866
3627 2225
6054 6001
4809 7813
5105 4482
9333 2588
5712 1154
2850 7351
8897 3891
518 8636
2618 5070
1315 5243
8607 3749
9284 5944
4510 5031
1827 9148
213 7496
4762 7919
169 7160
104 4685
1944 7741
852 6633
185 5721
4780 6630
1614 9490
1941 3506
669 9406
7796 3635
3312 4799
3407 1177
3580 9987
3793 2078
8565 9743
9529 7853
5083 2985
1104 5234
3681 9598
1653 1208
4461 2822
8983 1274
2903 5158
4318 6652
1741 5621
1587 9339
2111 9583
4304 5293
4757 2215
9518 6619
3980 8813
6822 2767
9098 1488
8106 7877
1491 3430
36 1464
9370 6447
4820 2739
3287 1208
6331 657
804 6759
677 7894
8806 1139
8211 7833
7565 5524
815 6885
5361 6637
9260 3535
7358 2186
2374 3824
810 8342
9366 5796
8986 7702
5925 9179
7379 4058
8844 3035
9177 5514
9079 8722
9975 7849
348 4775
5251 7230
4443 3025
556 1741
6686 1333
7895 1559
547 5221
5930 9711
3649 2653
3159 3646
5329 1021
631 1724
8305 2532
6104 3164
5227 3545
3792 4042
3622 5547
53 1371
3975 9404
6413 9077
4752 6802
7135 4567
9013 9110
152 1101
8400 2499
9242 5006
2516 1747
4953 7563
1279 205
9748 9427
9296 4416
1337 9486
7657 9225
7705 8833
7492 8049
3261 246
4607 2025
6099 4208
6823 500
1626 6789
7807 8687
2074 6173
9429 231
5818 5372
997 9311
1670 5809
2744 8617
7887 3139
9304 353
5299 9217
15 3314
3349 5647
8089 5367
3662 691
3876 4745
1335 2205
5188 7971
316 9318
3103 3011
5356 700
2735 7225
8372 3247
8266 357
3983 4532
9175 1396
1787 9346
9793 4428
8654 5531
2130 8429
4660 5156
5169 8945
5179 340
932 3651
5360 9416
8344 1825
399 5260
4344 7279
433 1877
8437 6801
8394 8443
6728 8952
6345 190
9194 2703
8617 6527
9713 1998
5243 7363
2791 5821
2798 9927
5069 3406
7665 3900
3618 1424
7783 222
9594 1983
8317 3690
5766 9303
9232 5295
8574 6547
3155 3486
8025 6191
1968 3587
8710 6897
62 986
74 8112
9160 7414
6641 4848
2006 7611
9147 4141
7824 3237
2437 3590
6890 8243
6988 2404
7814 4053
2096 770
3863 7656
9790 5380
4612 5404
1496 6119
66 6884
7021 6248
275 8342
809 9977
7308 9650
9331 603
4586 59
174 630
5548 8099
2328 5662
6610 9167
3846 1990
9131 2632
3968 4853
2791 5090
979 5000
9416 3004
3744 5879
8685 7020
690 2551
374 6946
8381 4916
4596 9893
2709 2100
4508 1903
8347 9325
1857 910
3616 3252
4923 3293
7918 2464
8859 215
9149 2617
7571 4949
7877 2703
4792 526
4408 2019
4573 2682
2988 2076
8792 2676
8723 3528
6764 5998
4277 5665
5039 7579
7859 3274
5793 6547
2857 8435
8845 9412
4588 5507
238 1919
1865 8957
6523 1431
6496 661
7645 8406
5307 8720
2741 8030
4127 9828
32 1848
2330 2716
5745 5471
8520 7044
4189 6940
7006 5648
6 7281
1312 1969
8428 9049
1310 2519
8815 4158
933 8198
7369 8723
7699 1219
8952 7518
3652 6831
8330 7511
3314 8618
6257 6490
6242 5263
2697 7438
8249 2191
2595 9921
2753 4140
8855 852
5994 9606
3580 9455
524 8212
1188 5974
7666 3491
887 4921
7127 4694
4015 1808
2206 9911
4712 956
4705 5664
2285 6059
6546 5374
8895 7475
718 8785
9892 1415
6802 9771
1978 4256
7884 2466
3225 3916
9175 1109
5786 7819
5485 2677
1898 7688
9352 7739
4328 2797
7315 8735
9625 7050
707 7970
6600 7686
5371 1407
5348 12
7396 3532
8764 7707
1912 3871
9792 2948
9751 594
3281 4067
8990 7431
7750 871
7480 982
7177 7655
1086 9685
2679 9152
8081 2063
6438 1011
3695 5302
661 8643
7845 9984
5746 4929
6157 2581
5559 3043
3837 3655
385 4893
409 5320
4867 6790
5217 1618
6415 6309
6819 9545
2655 6729
708 7564
2993 7886
6904 8951
77 5483
7523 6009
7070 1749
5377 5234
4452 8943
4049 4471
1163 5005
4449 2812
1901 1212
4232 6241
2869 1469
3244 6866
1023 3751
5504 3045
4762 3032
6302 7651
3721 4994
8493 5705
2708 8447
4557 6285
4133 6711
1129 1058
2989 8095
9868 9545
4340 7864
8560 5332
2358 3483
9036 2590
7246 8916
6619 3442
9194 6550
4530 5390
2386 677
85 8744
7122 279
4446 1673
1967 6524
6824 1094
7789 486
9444 8678
8386 7090
1027 809
6286 5015
8709 6803
1280 3526
3237 4806
5299 9579
9684 5067
2835 3670
3766 6400
1477 6839
9328 5367
6365 3639
9341 2146
6113 8850
5141 5737
8502 9787
9157 6068
7559 9034
9292 1444
3632 4251
1241 6648
1464 2
9675 9352
7328 2346
7732 7051
8410 3231
1679 8977
548 9156
8381 9651
4367 602
2455 5729
6591 9149
7365 1254
1905 1152
9538 39
3148 9614
3662 6385
7200 1176
9934 6696
4317 4122
3251 4900
7573 545
4363 9053
5848 9707
652 661
9159 8702
1242 1929
973 8294
1741 5043
1923 6151
2029 7293
5533 8222
8618 8484
1866 9374
4640 5979
7767 4639
1118 3528
9304 7085
6330 402
1242 8404
3121 8122
8885 6242
8913 921
6159 5809
7429 2010
10 8704
3435 9299
5188 2504
9490 8984
8134 3572
6594 5607
6977 2134
9592 364
606 7919
7276 8791
25 8766
8336 7321
8180 3532
847 3316
2644 2693
2770 5798
1467 3908
7801 6678
8471 7697
5290 3745
2090 3641
1502 2552
6937 8138
8544 9444
7363 1406
3242 8830
4696 3235
2322 6390
9809 3804
1937 6765
4953 3613
2227 3405
544 4807
9707 5462
2648 2340
2807 8790
716 3470
6804 6713
1699 8134
4918 9495
9747 4005
212 2815
8893 629
8961 8109
6860 1116
5137 9326
4058 1894
2481 4637
3017 4999
5 7781
4252 4919
743 8419
2708 9816
5257 755
6653 6618
8695 2740
76 4811
6060 7390
5925 1422
6932 9631
4228 1533
5252 3647
2590 5910
7718 6134
1284 3077
2640 1582
2015 342
3619 6686
9110 4017
9530 9841
3717 1084
3886 7955
7065 7718
1692 7327
2089 5112
4413 7482
7257 1692
2914 1877
2802 1171
8627 7891
5948 9167
3520 6698
3321 5561
577 7836
457 5927
8011 951
3193 4918
9397 8380
2177 2823
3165 5710
8927 531
5637 215
7271 8647
3732 6064
7658 5440
8322 8194
3958 9395
2873 5935
6020 6415
7837 4485
129 4528
2021 5520
6033 2763
2934 9487
6606 150
2993 8523
6172 6756
9820 8096
7637 6064
2901 1291
9431 3793
7899 2169
6211 645
1207 4247
7862 9358
5583 1258
9012 2174
9800 9939
8149 5026
7370 1700
7323 8080
3197 4001
7055 7102
9848 3660
1333 7792
4809 9625
3554 5278
2170 7717
7887 5952
1741 7470
1544 6493
4493 6799
980 5735
6922 2531
5969 1827
4983 6634
6619 7007
7361 6005
6701 4953
9589 6295
5796 5881
1348 2941
9857 6621
186 1660
3167 4328
2923 565
7479 8965
6225 8796
5880 1096
8994 410
3408 3099
785 7360
6730 1810
8311 5642
5389 2205
2309 7462
8342 6930
2675 539
732 1753
5618 1056
8551 864
4721 9543
7487 6095
6633 4503
6216 7755
8026 796
700 1864
96 4610
6168 4978
5666 307
5512 1453
2987 4688
3710 3183
3354 2976
7363 4237
4891 1669
7499 9715
5541 2446
8325 6340
5747 1269
2895 5045
9386 9490
6719 2149
9709 1426
7242 1312
8694 1797
8372 4310
9346 2732
7867 5437
4648 8635
152 2494
4412 3057
6426 8545
9896 6469
8901 4324
1339 2450
4598 2524
7973 9688
9072 9696
6829 5316
6870 9510
3028 4826
3635 2031
3921 2463
3135 19
2788 665
2845 7950
5074 8445
3805 6118
4659 9121
753 4739
5518 5241
3386 1299
9616 6864
8133 4396
8394 5752
9631 5576
6249 9256
5418 6064
3899 4653
9405 2455
1711 5214
28 5286
4662 7220
1808 9099
4408 1617
7505 353
6953 6797
7627 9233
1805 6466
5920 2593
9787 1189
4429 9644
3448 4958
3425 2914
1349 3239
9603 8276
3475 3544
6648 5207
2366 8955
5704 3963
9413 2671
6361 7888
3361 3165
583 8590
4947 3602
2581 4614
2268 1099
7293 1778
2868 906
5723 2176
8369 4652
3277 1136
2780 6714
4538 8098
3879 263
6795 1479
2482 6014
9639 411
8285 1233
7659 3021
7795 4194
6231 54
5565 2523
9026 3729
7038 8664
4688 3022
5553 6579
8229 8064
6248 4776
3837 5273
5556 2176
657 4489
6855 3237
2952 6891
7728 7067
1700 9665
4071 1741
1898 2999
513 9994
521 9770
2588 692
6543 9066
5893 6783
8344 7312
1825 3454
2835 2723
6305 4541
5586 8436
7006 6679
3747 5351
9673 4006
2507 9216
816 5569
1978 8692
5280 6038
2145 1668
4553 779
4021 9721
4031 2685
1893 3808
2760 1401
3247 2257
1936 7738
6793 2716
8271 4294
3950 2455
1301 9420
2283 8130
9287 5474
4112 4585
7003 7206
3146 6258
9795 7957
1516 8883
3124 8016
379 9176
5011 5213
9887 2376
4873 7947
523 283
6998 2794
1724 7736
7955 9999
978 7911
4071 7946
8259 3399
7566 3083
4393 1949
775 5779
1559 1228
6038 7513
9421 8190
7558 9192
7913 7224
5341 8303
5610 2475
1454 2406
7158 5340
2488 2919
6398 1715
9558 6205
2909 1744
4798 9466
158 1494
1265 955
4284 8528
3704 8707
7411 4268
2723 7062
8487 7463
9661 9504
3938 1794
5639 2014
3314 6000
4085 3151
693 5201
8040 9519
3312 8120
3280 4805
2517 2075
9210 4756
1098 8439
6012 5349
8814 6508
7557 1119
4723 9014
4286 7555
7368 1643
2740 6770
3970 9015
8427 4668
4400 7655
5017 8969
3450 6063
1481 2246
2765 535
3592 4000
6571 6467
1335 2211
4451 3099
2367 5337
1114 1335
9052 3307
3698 2346
6490 9597
5010 7539
4983 7034
4181 163
1376 2186
1801 5623
260 1754
7373 1667
1321 9790
3327 8550
6504 89
7095 8575
6710 6879
9253 9432
9510 4771
6047 7923
7712 3077
8426 9884
8490 8180
153 6939
4019 2790
2571 2855
8376 5829
2076 2799
6890 2580
4554 6972
560 9176
6057 4100
32 5529
9673 536
8070 7906
9181 2513
2946 2573
1080 1359
2472 236
9483 3138
761 8572
280 2632
4679 1546
3669 1828
3988 8680
6860 4394
2207 7973
983 5672
8993 4803
1264 169
2415 3407
5361 2932
5263 3085
1896 8378
5522 7920
1761 9955
509 1463
8473 7093
9274 7053
9838 4347
8114 6433
3643 5826
2586 4344
6895 7054
7528 641
6338 6191
1838 2656
64 3865
212 658
9474 5642
652 7676
3719 224
9495 3254
6068 9848
8184 4960
1087 5463
6587 3815
6336 9944
9453 2631
4172 9437
1744 7475
8020 301
7847 9878
8451 8871
4395 6618
1070 1515
7633 7955
9362 2096
4517 4570
4268 3972
3258 1
3007 5812
8095 3448
5924 585
7759 6486
4432 4372
3705 6325
1250 8684
2836 1114
9943 7388
2077 4524
8975 5698
6272 9661
156 9610
7254 587
3086 222
6940 4953
1109 5531
4336 7116
795 8287
7586 5924
9135 2896
2684 6580
5878 3290
9609 3927
1131 3847
2864 3581
9222 5086
9760 1121
6333 243
4089 8015
7540 817
6401 8334
8047 5139
3617 2422
7745 9464
5568 5494
1416 7290
9733 1016
1896 1005
1561 9703
1824 5563
4907 9004
1507 7733
9626 8712
2015 3316
8162 1407
7779 4261
535 7215
1038 5140
7835 2004
1163 7154
8396 67
1506 3551
9011 6242
9332 6521
5073 7915
1116 6975
8342 9929
921 9229
6536 5137
5249 1314
9484 3675
1714 6694
7791 9449
2014 3546
3415 121
4906 2395
7124 1230
9951 7716
4693 4870
4289 3597
4736 7623
8174 3379
1467 6113
1872 3956
3233 342
4524 15
8574 2024
5730 5006
7244 6618
5061 7595
2178 602
4274 8013
8622 243
4679 6010
8505 1702
1755 8360
1437 4911
3712 8166
3556 3429
4542 3404
142 7795
2420 7680
2022 8777
282 3970
6288 8953
9216 9571
6301 8709
8725 5288
1205 2344
5279 8324
4655 4897
917 1202
9514 7293
1622 2947
2263 6282
4656 7225
7804 9224
6320 1694
3440 9641
9278 2239
6423 8069
7266 6342
4646 5196
2503 231
3655 5948
1783 8805
7873 613
6168 5293
8570 6680
724 8094
2227 1111
6055 4609
5658 9967
3249 9568
5284 5404
9677 5412
9901 5054
4807 2043
3762 3000
4291 7402
8856 2970
3727 1492
6329 1025
3789 5485
1094 7737
3269 9513
6693 867
7706 661
8216 9363
79 3525
1385 6917
4650 7195
9196 2402
3655 3305
2638 9367
9537 1556
4602 4723
9669 8618
9545 8625
4989 7141
9252 4813
6672 1868
6871 33
2251 9877
1675 9579
4975 3470
101 913
3806 7582
3805 6319
9130 616
5545 479
193 1692
5617 111
8293 6809
9512 971
6724 8466
7428 3313
1624 4177
808 8246
6935 4724
6528 5920
8385 4596
3482 430
6148 6645
5694 4299
6357 7951
4961 4999
9793 6843
5068 2458
2414 7294
8762 4375
3758 6156
4072 2326
883 5339
5847 100
6300 974
9355 3313
9158 9060
4570 8473
3803 3483
7324 6410
2221 5089
5162 2774
7304 7985
1361 8009
7215 4669
3706 7517
8927 5157
9215 7780
3836 930
2 3437
54 3507
8592 7557
3633 8982
5742 479
5920 8890
7921 739
6939 957
9305 2191
681 266
8200 2252
1479 9630
446 8307
7239 2030
8371 4255
2107 7560
1952 9892
1862 9791
1008 3549
260 1385
4504 575
4017 3168
2420 5934
363 2552
5259 4232
5944 3271
7163 9085
6004 1391
6515 7799
5187 4337
6425 5933
2014 6467
5038 2390
8956 5631
7174 8123
5037 8790
5540 5527
8178 9796
7078 9362
883 2416
5516 7926
1299 390
3167 956
1340 15
1975 3736
3555 8100
7611 9412
228 6384
6413 28
4108 1146
1333 2333
9908 8318
998 7975
2319 9023
2732 721
5641 988
4870 2521
1810 2912
6435 5567
3279 3961
7675 250
3578 2357
6417 1654
4937 2336
6519 5764
6046 5728
2955 9740
1333 1248
7993 9969
265 5350
4507 754
8543 7420
4892 72
6514 5020
1099 6029
911 6647
3045 6092
3854 9847
3344 265
648 6972
8068 6625
1076 835
5152 6202
9477 8760
1935 8660
8298 7968
1971 1410
5214 1018
7114 6834
942 5442
2426 7932
8679 1570
8296 3107
9604 3041
5323 9802
8346 2890
2682 6418
9179 5286
4743 8556
7956 2423
5055 8572
9086 9809
753 7630
8805 9244
7150 2204
612 3985
7576 87
4174 9780
894 9831
5657 6224
1422 7474
8220 5407
5270 2029
643 9521
2539 1400
41 6475
6727 9815
1388 9475
7572 1808
9227 4858
3806 5761
3393 8483
3255 5879
4210 3746
6666 11
9081 5003
652 3349
930 66
2390 4098
2861 18
3647 1199
7708 4833
1017 7736
2661 4561
425 8901
3001 8061
256 5295
4074 3241
7693 4630
7248 2441
6979 1549
3303 4709
9159 5173
1956 9236
2733 5945
7064 1582
5200 3143
9531 5950
3341 3468
8716 4595
7563 9101
7325 8564
1585 5079
1238 1128
1689 9187
3640 2661
9273 1468
9825 2558
6529 3541
6999 5063
5115 6528
2925 350
4259 3108
2036 1700
7653 7644
9566 5845
6533 2607
6741 1318
4343 8864
8540 6500
6475 674
147 3471
8576 6980
5688 8585
9806 3319
9543 133
4537 6320
515 4453
8239 8859
9780 7417
2192 8599
7032 3659
1517 5825
3544 6807
3449 5084
2311 5193
4259 5187
9897 2737
8048 5939
480 6391
3000 6407
308 1713
399 2124
5747 1002
6301 1843
1071 8328
2184 4223
8737 5322
8119 1728
8583 3919
67 2465
719 4199
2012 5241
7505 7404
5458 1555
5683 8716
6876 850
9658 3104
4423 8971
8742 8006
4094 2444
8624 3141
5429 4423
3797 4580
6486 529
8636 3517
7007 9075
9199 7692
7846 8751
2989 2953
4868 4797
3315 6419
4806 8457
358 3217
9842 9971
9752 8785
4283 7930
7716 9519
3673 6251
6955 7313
6138 6649
8874 2526
3973 720
4393 8431
4716 8148
2042 1371
4554 4612
2015 6874
476 1287
8963 3675
3876 4822
3626 1695
5964 8883
9716 5598
4409 1301
9053 1394
6048 9052
8148 5981
4698 5900
3198 2716
1822 9638
9933 1023
3392 5211
8727 5583
8738 8596
300 9692
4717 7091
4178 6004
5923 8952
1758 2561
1657 7190
9936 499
3154 868
1660 9731
2421 3376
2374 1104
9757 4254
1892 5151
3758 8072
9437 3074
9209 7260
7782 9765
8033 1939
5729 4500
1918 5668
8443 8066
7913 5333
8687 2665
9468 2128
7556 716
7727 9889
1097 3304
5996 3976
5435 8089
501 8662
7818 1613
937 1161
1656 1013
7754 3610
1997 3405
2796 5855
3967 8242
4220 2
1073 185
5651 3572
5282 4672
9898 7596
7723 4901
1402 9295
3662 45
408 3777
2823 3065
5894 7686
3492 2524
9702 1899
512 1918
5812 8592
4969 5340
4484 6695
8554 1308
1875 9941
4957 525
2550 5304
7162 4136
5073 3326
8510 4134
5393 5385
45 1673
7583 7653
6601 9753
1995 7146
1353 682
5377 7579
7127 3644
1791 379
1311 2387
3651 7934
6609 8541
3539 8266
6461 1285
2989 6580
5746 922
594 1121
9354 4302
577 3207
2064 4905
9428 1980
2752 9688
8817 3803
3697 9439
4363 7983
1852 7717
5472 9065
3264 7675
4771 1583
364 2944
7259 9729
9021 831
2607 2809
7594 3273
5708 1002
7689 1746
4672 5993
1059 8427
6767 7888
1254 6084
6961 1930
1464 4285
3953 7821
5620 3807
5209 8588
2614 9345
7459 125
7967 2393
3300 1355
595 6055
5832 8497
43 9837
652 895
7531 4114
8023 995
9748 6831
6050 8304
2488 9746
3318 1579
5812 8746
6086 5031
8699 2715
6569 3509
8827 6794
7121 838
3596 4993
9166 3649
7820 8388
1784 8859
152 9869
526 6684
1688 7811
4190 7386
8875 9597
6429 5146
1397 1785
6772 3809
4298 6571
6445 2438
637 8940
7464 8876
3810 4908
3396 2429
6050 4199
5721 5013
6896 508
4590 8270
3673 3319
9564 8464
4914 1582
6177 2114
1845 1189
5272 9837
4747 9657
534 1094
5877 6064
7150 4615
5932 6890
5093 854
3862 7611
5244 4820
3730 2096
7744 5056
6399 1373
6076 7305
4406 2562
3301 1029
9137 1767
2853 9914
1953 9741
8753 1951
3479 7147
7370 4190
9617 9015
5479 1857
7788 4222
6413 9696
7902 750
3862 7419
2813 6658
1417 9906
7213 2751
5429 6662
7230 1181
5828 4118
9501 7221
9466 4896
2758 4446
1949 7209
99 8055
2073 3597
5809 2296
8460 5821
426 2165
4639 2425
2836 3823
6280 8973
2581 6972
5604 3505
6933 3298
1440 4905
6890 8709
8286 4939
847 7155
6307 4985
9719 925
3300 4347
9208 9356
3454 6857
4223 6540
7047 6519
6807 2951
7580 129
3306 4413
2259 575
9361 2786
6584 6089
6997 9100
2220 862
7355 6991
7108 6937
2786 1732
6895 2398
2663 1909
4155 3614
5524 8414
3811 7431
4731 753
2791 794
7677 706
1745 6109
2440 4149
550 5466
2952 2272
2204 8068
4165 9086
9849 9858
3309 512
8803 6538
4200 3546
7582 994
1714 6982
444 7879
1661 3685
1901 3651
2033 4689
7098 6966
9643 7833
816 1015
1882 9506
7031 8788
26 3745
1 6364
1429 3848
9030 650
7637 129
2244 1992
3398 903
859 5836
9301 577
8815 780
8895 7082
9983 2608
2762 3929
1498 3075
1054 2309
9371 4962
1711 1017
5754 5259
8280 944
241 343
1228 5923
2232 5379
4756 3294
5561 4571
3927 2741
3804 7363
3063 8070
4275 7436
9841 9434
6003 4030
3173 2351
4632 9127
9812 1212
3271 3979
7894 607
7116 4248
792 6772
1154 4680
2095 1202
6132 6471
3994 2899
7677 827
2050 6437
9812 1185
6912 5954
4895 6931
6594 4004
1310 9159
3529 8055
198 5070
4291 5566
354 3021
1461 9507
866 8944
9299 7249
3609 4124
9104 9149
2643 4611
9654 9425
8143 4991
4144 9929
983 6384
7259 4112
6927 833
7177 1289
8125 4951
7977 2186
4208 4354
851 2500
6662 8343
2414 3748
6999 6928
5356 3707
1805 3873
6579 7035
1662 1261
0 5345
3677 6073
5124 585
2153 7272
8877 1610
4046 7157
9776 8612
5261 8304
8660 2435
7688 1829
8674 1994
7894 8049
4202 1160
3617 837
8029 3762
4457 3584
4693 1434
5529 7486
2914 7556
8105 4967
7681 7959
1797 9211
7826 2760
9572 5401
4684 6616
6996 7602
9185 8127
6681 3157
5058 1777
9339 1651
5443 6431
3137 5556
2434 7421
6540 8842
6683 141
564 3525
9811 9847
1900 7913
5563 1545
9197 4626
3331 8342
608 4112
2873 9591
2901 9080
3103 8223
9363 3650
2164 3056
4448 6230
3865 8257
7781 7029
5563 5204
6248 3753
1609 5250
755 2154
9602 1874
4872 7342
9827 3626
363 135
4303 6692
8571 5082
7828 3794
3928 5406
9478 3277
4674 9731
469 5077
1749 5440
4187 8956
2438 5601
7142 2051
7278 4159
1696 1319
2081 143
6046 567
7893 7676
9489 5623
8867 794
1423 4435
576 3829
4207 8690
4769 8236
6725 7047
9373 2100
6938 8079
7594 4031
6533 1670
6435 667
2462 555
738 7175
1626 351
737 9670
156 1133
9113 2497
732 9947
7834 8732
4900 8220
550 7309
5228 8202
6094 9159
3360 7452
6384 1556
9267 9485
9062 9149
6909 5610
2463 1786
9982 6649
3424 1043
7974 288
3813 4403
8257 9938
9123 5531
4856 3337
3195 1046
9585 8505
7433 2904
7413 6258
57 7601
3322 6011
6639 5175
5552 7688
6031 6262
5888 381
3215 7743
6536 7015
9457 475
377 7679
9853 6598
8339 7338
6662 9777
3124 2724
9268 8321
9048 4538
5859 2682
9085 9584
6927 4615
1105 4815
2323 4052
3327 5674
6194 5146
3019 2713
2994 7192
7653 4744
5585 2448
6765 4715
6768 7439
5734 278
5117 3148
4078 4885
1927 3421
6637 4415
9248 6534
4503 2584
9179 2470
7081 9603
3196 4593
4036 2873
8253 9276
9977 3647
270 7536
1354 5526
6494 8185
5017 8651
6273 2044
5960 7042
6076 8664
4135 4695
5584 3974
3357 3438
9412 2495
7755 4188
5937 4517
6278 8568
1125 5033
9601 60
1663 3374
2402 7218
6730 1331
6794 9455
261 5038
646 6476
7718 2043
8827 935
2191 3891
577 6203
8980 6689
7056 4052
5254 4926
1148 7892
8562 7220
8162 1790
7876 6314
1403 7402
1311 9846
6287 7391
3728 6171
8068 184
2926 516
1283 1863
3177 3619
6407 1028
5573 5293
5595 6304
2555 8981
5730 5460
6864 4669
118 2993
273 9221
2043 3223
9286 3528
4009 3232
5331 3754
6468 5575
2065 8178
5490 7856
4293 3287
2517 2002
6147 4193
1394 1479
6850 5328
5611 4652
4336 3192
6851 4420
3588 8265
1651 8830
8440 712
7148 9179
9393 4700
8498 4894
5270 9164
638 9504
5082 6977
7241 6273
6098 7924
1047 3638
2124 7323
8224 1861
7471 5353
4986 1448
8909 7817
635 1323
328 9786
320 5821
8652 2290
974 6802
2574 8386
7750 5719
9883 4042
4359 2483
7531 9452
6393 2935
7487 6989
8193 2085
9789 5811
3397 7473
7599 1303
9044 5758
790 3808
1634 3665
3299 3221
334 7099
3529 2904
4276 3461
6501 4294
4498 2612
8939 6574
1176 2632
3836 7082
53 6094
6045 7667
8560 8921
1371 2723
9101 2823
9840 2883
5061 7281
6513 2613
1310 4413
5870 3783
9436 2907
3057 4126
7953 4991
6739 5165
1312 9174
8026 4111
9463 6301
5567 8123
4188 5811
4023 3615
7352 718
4584 7577
5025 7759
3457 6211
917 8100
2895 9826
7379 5710
5383 4441
7178 7775
3051 1781
298 481
3555 4453
8534 8085
6936 8272
5293 4079
9427 8614
3276 6273
4890 1289
4706 8457
4841 6363
4290 3909
7315 4602
7936 6974
557 8006
3905 1185
1367 1920
7516 5790
9514 6998
2602 4693
1970 8061
1604 9250
3100 4087
747 578
9991 7117
2548 903
9156 3855
2943 8195
295 2464
9906 3910
5227 2182
7277 5690
4470 9542
2395 124
3566 9672
2100 7662
5502 8566
3663 4584
8865 7224
8806 7729
9417 4543
8732 9581
8989 1255
1513 579
6781 6367
2692 4379
6327 257
2863 691
4551 1104
3892 547
2310 5386
3773 8370
4149 3943
4050 3235
3993 4845
2816 3038
1267 5933
582 611
6950 2840
2630 7755
1365 422
415 1797
2555 5563
2353 6006
7681 5164
2520 7236
5961 9391
8949 5911
1384 7906
5563 4774
1411 2206
4878 7587
7321 5141
9606 2079
9671 7650
4046 2833
9846 8081
1428 4392
4493 2329
4025 7261
1511 5325
5583 8269
3608 7416
87 6315
6698 8158
8354 1725
4201 9097
8040 3249
7743 7791
6628 4092
1510 2780
1803 3990
5181 9773
590 444
5021 7617
2703 9936
7344 5445
4218 9706
148 6311
2642 7339
9872 215
5518 3281
5639 2097
7609 4609
9839 6430
5719 5469
5137 9596
5838 7646
8222 1860
4682 365
2345 5487
9765 6240
4688 8201
6072 1696
3687 4695
712 3554
8318 4482
9241 1144
6890 4132
1272 8230
8815 7648
5134 5243
3601 5571
5767 556
7518 9674
7742 5370
4746 2516
5065 1086
3789 3234
6571 401
7629 789
4493 6049
4610 2592
7669 7136
8892 9725
1153 4150
9637 4867
8399 9987
4203 4015
6532 8627
7656 3572
6190 1880
1036 5642
4050 7751
7317 7194
4936 3609
3420 6609
4002 8039
2223 9303
8620 6588
2692 3909
3617 2773
4034 8249
8413 2176
4597 2651
2505 8112
5159 1826
4748 2546
1150 538
3835 2436
8850 1995
6026 8664
8362 9393
7246 8170
6139 9649
4564 3279
9906 8963
290 7905
1825 5442
8897 7740
1489 8927
8877 6436
3033 7535
6544 1177
2724 6325
2606 9367
9104 9906
5396 5090
221 6151
4776 9248
5777 8719
4824 987
8688 6260
2803 94
6809 1238
344 4717
1059 5058
9432 7065
7694 2168
7394 5976
2331 5964
8616 2621
5744 4981
2411 4582
4430 824
9404 2265
5742 2436
3675 4133
2498 9361
2187 860
8626 9029
1962 8044
9709 1739
8497 197
7405 702
605 3520
103 8004
281 5464
2720 7450
3487 9211
3242 5061
6955 7456
6581 3343
2006 7396
7298 8184
5060 6750
6109 7790
2220 851
8166 6811
2300 8378
8648 53
1898 5296
3085 5201
1938 1145
8381 2232
4643 601
946 4536
4039 768
4173 5799
4468 3467
8174 911
4775 9275
8239 6762
6837 1754
9877 9793
2682 1670
7225 2557
4064 3449
385 7
3397 9052
5040 6399
4711 5219
2185 389
9731 3238
1147 7130
9933 4203
5404 8520
818 1584
9916 9437
1007 3547
2805 6514
7536 9588
3254 6152
2020 1692
8628 1653
8038 3613
2321 8873
7908 7037
2449 4391
1801 3739
4145 601
8516 3525
609 8884
8957 4059
5025 3274
8107 5692
9166 5564
1639 3648
930 4252
3161 9608
1541 398
3190 7800
7756 556
1329 3863
4283 5107
649 6246
937 6070
463 908
7203 1590
3935 2039
7250 6381
7779 5569
8399 3751
5071 5219
7236 6202
6667 8801
6 2301
2895 1819
6428 4598
3268 2565
5355 9896
2112 8433
8149 75
3810 3370
9207 3286
6723 6349
1100 5534
4565 8285
5362 5543
7205 3830
7906 8243
6706 8447
5856 4262
8253 4453
6909 275
1277 1698
7906 990
4223 9917
2934 7515
129 3457
6298 4151
3747 2264
4998 4438
9532 9080
5503 8777
9866 1717
3240 2812
2595 6271
8940 9037
800 7193
5942 9336
5547 7162
9157 2450
2776 5631
5455 4587
3758 2888
2204 9554
9281 9409
6962 4730
5505 4375
8305 6566
7867 745
1886 3568
4262 4052
9538 1557
1159 7828
4201 6057
3695 3107
3879 2079
8764 5970
405 6283
5498 3970
3098 3406
5608 2449
9896 5169
4017 5990
2151 689
4723 288
768 1519
8430 6958
957 1640
8063 2705
6665 7074
5694 9835
1839 5028
1822 1850
4651 2555
2688 6075
7352 6193
1987 3347
9513 6433
5865 9530
5239 4169
8974 4876
3821 7859
6512 8162
9860 7891
4586 1177
4597 474
6622 5046
4109 3471
1974 1572
6626 940
750 2870
3826 7058
2662 1111
31 4797
3624 7554
7178 7628
2141 5709
6972 8962
5601 3233
8616 6903
3774 9823
8452 5283
1081 7242
4337 3067
35 9045
7552 6574
8825 2627
7589 9147
3797 9174
738 420
1178 8263
6043 2037
8095 5820
6876 5292
5486 9932
695 9588
3046 1276
9830 2644
2552 6789
3712 8232
9840 6751
9668 5494
16 2166
3791 1156
1660 6181
3710 4008
1286 5179
4553 256
8898 5128
5066 8614
5240 5775
131 6445
7523 4408
7573 6984
356 1592
8605 6189
4849 2397
4151 2009
6653 8
2783 3224
8246 1829
6528 2616
3172 4507
2488 6596
4890 7267
1698 8257
2235 6383
1722 5483
9256 1924
5460 4884
9648 5725
1814 402
2684 2800
8547 3534
1576 4460
1693 4618
744 9335
8474 1419
5820 7040
6570 1910
8535 4629
1214 9366
8292 529
5601 2952
6670 5882
8690 7128
6219 1338
597 4392
7970 2741
5592 7471
1528 8829
9881 7947
3593 3697
946 7211
1964 2638
4775 5365
4639 8821
528 5155
8911 418
7596 4654
6852 706
2798 3650
1383 7350
285 7337
4737 4377
330 2072
4695 7300
6501 6472
3419 5131
7416 651
3044 6767
396 4943
6463 4370
2238 5487
6520 3011
1766 9733
3755 9518
1433 1665
3889 9880
5 9054
1792 8612
483 7622
6178 3815
451 7976
3792 4654
9575 9902
2550 8524
8724 5070
1546 865
7240 6383
1831 3993
7267 3996
7850 5803
4820 8911
9444 5889
4061 8269
3228 8226
5463 5771
8100 7067
3236 9459
5142 172
5269 5531
9224 1607
1621 6635
2172 1839
3654 7117
1247 8330
8448 1012
9338 3616
2221 1293
5080 6360
2777 2612
4539 437
5437 8343
6890 5092
9595 1441
9522 6911
8703 2630
6297 3603
5633 1073
8903 1680
7379 9526
1617 5118
9344 1979
9596 7622
8803 2041
2669 707
1632 2284
9103 7108
2975 5634
4502 3431
7232 3318
5717 3027
7443 4600
6941 7642
8357 6616
4237 2359
2159 9867
676 3996
5331 5209
672 2179
5140 9748
7346 8486
8564 5898
5450 4442
8775 3258
799 2645
3508 3542
9738 3655
8894 519
7803 5288
7408 1251
117 1126
9191 3082
2951 7425
2882 5256
2479 8681
6537 8661
6489 1092
378 4035
9398 1473
3794 5280
1777 4800
5215 1396
448 6881
3706 2304
8340 5998
3053 9448
9829 2797
7968 3505
8598 238
3428 1185
1390 1364
359 750
2292 4352
1176 7985
3348 872
2576 9428
5879 9051
6994 4158
469 9771
7226 441
7444 1109
2971 2990
4276 2921
1081 9113
513 590
4836 8148
450 5432
6121 9211
5942 8107
955 3453
3422 6328
8720 9086
5268 8751
6448 7497
2360 423
418 6961
7671 8989
3325 3484
4989 1974
8519 3174
2470 6405
1299 411
9272 8765
531 5741
4430 9988
3954 8908
7443 9289
8308 7917
3778 8701
9576 2653
5009 8672
734 5416
4352 7527
7329 1358
4285 5257
6285 3447
7751 9488
3019 2604
7397 5751
7555 5827
8784 2130
2499 2025
3953 7674
402 2233
208 7407
6219 5694
9843 9328
9682 9191
3063 5599
5596 6139
186 4362
7588 4967
6499 8293
8248 8081
9914 3974
1942 7236
4729 5334
6109 9052
6081 9931
9174 6826
2062 1581
1702 420
891 2860
5701 281
8165 6577
991 2792
1951 8321
2782 6394
254 535
9081 4550
5131 5577
6455 2416
491 8176
1941 5723
2583 9222
7479 3938
806 4712
175 4258
3689 9298
6062 7286
4147 5785
3201 1740
9674 4143
2800 3974
29 5772
1763 8013
7289 5769
8792 458
7769 4378
7237 7494
5273 8993
8165 5109
5092 8026
8030 3429
2534 3426
8188 6060
138 8452
7393 185
636 6314
3128 6147
8654 2679
4457 7537
1878 1761
9270 291
647 5156
1793 1141
3934 8893
4450 317
5678 547
4140 307
1286 8582
6315 7182
9098 5028
22 9592
6409 5627
3528 543
8778 5146
6939 540
2104 8557
9112 5081
8746 4670
4488 8869
8339 179
937 2199
8042 8326
2513 7877
3412 3648
5693 8038
3813 7560
8581 5987
486 4664
6957 2008
7994 1438
719 6833
5288 466
521 533
5267 7654
9348 967
8406 1409
8967 2026
8557 4232
4710 6863
8870 9572
8722 3585
8620 626
2128 8069
7248 5932
6484 5145
4250 9010
1769 7865
5515 6687
8751 4651
851 3609
9944 3844
8852 5882
6454 9346
8928 1310
3561 6470
6283 3224
5948 5093
1192 9567
4202 6385
9675 3825
6687 2747
3490 661
6374 7218
1226 8091
1129 5262
4785 3330
4676 308
6218 9651
5609 9162
3543 8120
6107 3590
7126 2993
5511 7777
1311 4117
1408 2755
7319 53
9930 2436
4061 2430
7516 5246
5676 2599
2085 847
5092 7590
6250 2198
3029 2491
1140 6972
881 351
7195 6431
8533 1977
6695 2982
559 6237
1382 7141
7082 886
8868 7095
9265 5126
9665 8215
3040 918
251 7962
1735 3005
6455 9349
1208 1461
5556 7779
5116 6797
9806 3651
4073 1253
5621 6239
2981 5323
4139 4521
8569 4770
8284 2183
1317 5277
442 6112
2854 1620
6995 3556
5941 3294
169 39
2640 7279
7262 122
1005 222
8631 2433
4465 6303
6439 4633
7210 1893
5476 6104
490 7242
6875 5374
9085 9429
1698 2863
1656 2820
488 7207
8467 8819
2119 1142
1288 1300
5130 4792
9064 6353
318 7209
3877 5045
6973 1237
984 1128
6478 7549
699 5668
3530 7394
2485 385
397 9804
9832 1494
852 3171
830 4005
8897 2245
5851 5542
6146 9736
5858 1877
9736 7013
4149 9264
1181 4884
7691 5360
1989 1286
381 9689
5818 1673
9895 114
8261 9337
8996 8357
5852 5851
4663 2250
7281 3979
6383 9626
499 8773
728 5333
4989 6219
6626 4869
9782 2205
6403 8985
677 1002
7976 2658
8747 7915
3461 1518
2796 8871
1824 3401
6934 5603
1179 7653
9315 5261
2540 1737
3155 8277
1644 8744
4613 8158
6266 3599
518 9748
5522 861
8761 2908
3061 3793
4969 1119
1658 7018
5278 2175
9898 8695
2651 6023
2928 5788
5781 5951
8331 1123
6790 3943
4187 9817
5697 2616
4668 6635
5053 9391
762 8241
5684 448
8020 5896
3232 535
7019 1401
7135 4751
3947 1573
5857 977
1599 8245
1514 3779
2966 3182
5922 7436
1757 2257
2831 4739
3965 1263
8669 7315
498 5692
624 2598
3371 4711
4321 2092
7404 3220
7439 6841
9255 7604
1103 4941
3615 657
3353 9303
4668 582
2619 6087
9108 4876
1601 1426
1816 8981
358 1743
7495 832
9121 9225
7551 8422
1066 5975
1187 2703
3113 8468
8442 4543
5669 6073
1737 6177
3731 5247
3951 6968
9558 5849
3222 7093
2424 7920
8925 1779
3968 8931
3586 9628
8012 1351
3363 8319
5101 1118
2900 9497
2810 7138
5028 1255
6903 3146
1490 1410
9000 1599
3088 5161
9457 2054
4508 6993
5846 6959
966 9463
9378 6837
7487 4134
1919 9077
503 9103
1216 4507
9849 2214
4794 2586
9321 2708
4133 8257
5057 1041
6133 5417
9148 3827
9105 9281
914 3567
5171 4340
3816 2733
6346 561
3615 2789
8496 1086
5594 7344
3292 5810
5159 2276
6518 8796
8710 4937
3405 4001
2217 7267
3194 582
9600 4193
8116 4174
4607 3769
1024 2050
8617 2546
159 395
3032 7115
5158 2595
6253 3623
5230 5989
4884 9489
2084 4291
8013 7858
3596 637
695 1518
1771 7179
6163 6991
5045 9578
6045 9233
5786 1795
4500 8830
4578 7974
9834 4411
4764 1100
9010 6057
4499 5359
3844 4306
9425 8359
362 616
2134 8092
5319 6840
7116 2217
2243 5637
7396 4148
3442 7293
1887 6542
6603 6075
687 121
6383 2143
7499 2753
5539 8267
3198 7947
6102 3508
2609 6996
3801 977
8986 966
2372 3363
645 441
4329 7701
5507 9504
3607 6010
1012 7679
3563 2741
1436 1261
9670 7688
6306 8766
5978 7021
7441 3564
8714 4494
8087 7698
3529 3278
9652 414
4109 4034
4538 3836
8082 5187
6749 6671
9416 3059
2113 849
5836 5193
5324 5344
3093 3395
5850 4710
3870 3789
2332 2231
4375 9613
7994 8697
633 2097
3033 1488
9151 1891
9079 7607
8352 8560
7686 3250
6857 3035
9189 9281
4881 2816
5235 1606
2509 4020
5461 1962
6410 2721
4904 1070
2518 4550
8475 5367
5402 9848
6178 2763
6455 619
4917 6645
6579 8431
590 2335
1320 4892
2298 9190
4381 6856
9209 8837
3037 4321
166 8426
6745 951
4898 4280
2855 3773
507 6292
640 192
1950 5905
9496 8941
158 798
2837 5825
492 5182
527 6467
9219 2202
8068 477
4378 2772
5852 2799
7514 6910
4326 6757
5168 4933
1531 8255
1751 4881
9757 2136
859 3355
7262 211
3410 1965
3601 3131
4638 5665
7537 6673
9285 846
4558 2304
8686 4801
1519 9186
3294 981
2767 6104
5087 9139
6487 9854
3446 6143
4747 4593
1721 6870
6315 9951
9378 3552
6017 7434
5398 3478
6838 5673
7997 7080
4572 7638
8520 7418
3470 1442
5126 6843
5834 6123
1019 2400
2805 1367
7509 7222
9716 1464
6238 6304
1568 896
9291 9857
1031 4976
7376 2782
6752 4824
29 5982
6977 8402
7144 8937
5185 7548
3111 9302
732 7866
8703 3222
9025 3513
9698 1109
6707 6996
6158 2934
6141 7808
5888 4770
9473 1013
9161 8696
2439 9871
1102 4185
7025 820
2073 1089
2553 6184
5300 821
2940 433
9288 7912
7743 6628
9101 7300
8599 7024
8234 9140
2647 5617
131 9491
4872 1952
7103 9484
3917 3214
8796 3496
7217 7699
4029 2052
703 789
4957 1537
2937 261
9265 2880
8289 3130
4102 6171
76 4872
4203 7878
7003 6506
1897 7761
9738 4732
7202 762
6795 1344
7329 8050
6033 5385
6892 3166
9607 3396
647 6721
2843 268
7037 1305
9962 8882
2540 825
1170 7120
8151 2666
6854 5265
2599 6613
72 1296
1402 1329
9830 2827
234 6079
2292 8865
6239 9684
4106 7896
5294 9665
4887 2305
7719 8730
2523 6453
6 7294
603 4382
5736 4937
1104 5002
9512 3865
7533 4947
1046 1160
1107 9741
9781 400
1009 3898
416 6264
104 7386
2371 8213
202 386
1615 5152
2185 3179
3944 1132
6889 9548
7236 2663
4026 7408
7893 9396
3160 6987
3964 2656
4904 455
7635 6396
7851 7654
6791 5209
1024 6180
3196 5267
9236 4212
4107 6692
8718 8478
84 8071
8056 6200
2008 9538
793 1551
2451 4433
5974 909
8834 5402
7955 4736
316 1020
5343 8210
4004 4360
4562 7862
8624 1197
2257 8587
5974 5175
9031 2203
521 1058
5202 6694
298 9354
1692 7945
4686 215
1032 3516
5897 1752
2738 4875
8150 4687
3560 3654
6603 3778
5672 7217
5199 2697
9095 5071
9648 2818
6509 3973
5905 7308
4736 4592
5592 3539
4203 1723
623 3142
4014 3391
8703 7313
7381 8037
8000 1692
988 7484
9869 6528
1299 3583
6162 7947
1219 8093
4280 5739
3888 2937
9273 2170
954 2212
9455 2246
2798 4446
9318 2777
970 7916
6200 9538
4566 425
7950 4862
7106 5808
1084 1869
4524 4182
852 5393
8310 3154
6098 5962
3991 7741
8338 2879
6570 7645
9343 6956
4107 5441
8224 9835
2348 7617
1710 340
5087 2256
6801 810
6851 2173
1168 5824
4807 9758
1522 5648
2368 9624
1618 112
6815 7269
7956 4048
3965 8470
6869 3640
224 5560
9300 9052
6447 3680
4505 7187
8797 4671
2380 8571
8995 4606
7110 2606
4750 8211
6292 4797
7546 6736
8215 9432
2814 5570
753 3099
2173 3811
8931 468
9154 5301
1006 7661
2826 8485
7890 6881
8191 3788
5052 4385
7355 8195
9595 8300
6348 9166
742 4616
6882 4706
9077 2346
1369 5280
4112 5564
1527 4930
9067 1601
1161 6383
5891 2961
7135 3868
2583 9680
4782 831
8207 6297
8158 4624
1395 763
2034 7338
7416 7071
6811 7887
1169 6413
3685 4429
5424 5419
3281 569
8172 4197
1380 4721
7588 9168
1733 2701
8410 8630
6374 9229
8205 8378
2661 9001
6513 6850
8364 9228
6368 7175
4428 7189
4540 9931
4754 7499
9407 6484
2154 6065
7011 6046
7106 8353
8643 5323
2081 1577
8620 9175
9731 8870
2006 132
3743 9039
5281 1096
313 3422
7117 6291
3902 1260
5374 1271
5802 6302
4378 7440
4791 3942
6418 1431
9285 7987
946 3021
5593 4170
6402 8548
5983 4057
8625 7557
2410 6947
7465 9337
7166 8865
6899 9875
4912 4105
7379 1467
1032 3082
3572 100
4476 1837
2690 1623
1433 611
2792 7193
731 1848
3369 3196
6103 5707
5830 3985
6199 5633
1283 8657
2723 7179
5747 1221
8796 8736
3048 1589
8508 5362
4758 4573
8235 9398
7703 8825
1636 7644
8076 2587
2779 4957
8796 6175
784 6172
2761 748
6567 9758
3273 5510
3015 7186
2363 3762
9280 1726
7171 2262
6294 9126
3139 8096
8710 754
7951 9636
1174 7764
8633 3946
107 9865
8643 6008
5934 1831
7090 5358
2800 7186
2729 5533
2224 2213
4044 5956
1273 667
1993 8567
2771 4111
4343 7631
5467 8155
2232 7714
9864 9494
2505 4368
1010 8705
7080 5620
155 5199
6656 5922
1211 8133
8873 3285
3007 7869
9992 3326
8929 2985
9356 6047
7492 8219
2255 8827
2095 6848
5785 8692
7831 1575
892 8323
8946 5527
174 7024
8120 4662
1301 6373
4691 6561
358 4336
1066 6921
4995 6187
8407 1298
2967 6305
7785 9154
5995 4010
2756 77
9869 5042
591 3250
3119 9291
8183 7577
1728 9176
4348 2112
7604 1558
9107 6923
443 9708
955 8380
4544 8044
9707 3616
7926 6198
1062 2437
797 1637
1974 9176
8314 9878
7836 9030
4097 4411
5759 6844
3247 2558
3627 7425
1271 7674
1299 6861
7687 6131
1689 5257
9056 9764
3298 8043
7031 5943
6883 3878
2694 7396
4275 8561
1147 9977
5122 8750
9063 1505
7341 3806
2344 1781
3784 6692
5367 499
2406 943
788 7393
2319 2901
8468 2069
4946 2647
9530 9743
953 140
4763 5554
2044 3501
5136 8608
2257 9123
5075 6214
627 4313
9557 1101
4008 890
2760 9275
5106 4448
5254 5624
161 3192
2622 5694
333 8112
6000 7485
2315 7684
329 5633
298 8636
4268 5086
9742 8939
7627 6578
3659 6764
9611 1874
965 1956
3474 90
1043 9417
531 8842
571 7174
3038 5723
8577 8306
8271 4795
8370 7270
5594 9389
6801 6954
9700 9823
5998 2089
4362 5337
7278 3763
4606 7310
7060 9210
973 8617
5651 2262
3467 2623
9387 3341
6924 5097
638 7696
9943 6995
4061 4352
8593 5958
7195 5669
1829 8285
6041 9510
4775 3843
530 3308
9279 1612
9891 7565
2295 1191
6475 7154
1696 5580
448 1200
2223 9403
4749 2756
969 1989
3984 4741
317 9046
7904 7285
7767 9752
5127 3107
3585 3880
5440 1619
7516 1910
9737 8714
3557 6129
3393 8945
5466 5873
3286 7697
5123 8285
9984 2135
8459 6549
2422 2933
348 5155
8331 9387
6618 8689
8729 7610
2929 3565
2192 7526
9267 2100
9236 7556
2115 9905
6501 7030
6124 2724
9658 381
8692 1190
6690 5712
8004 8692
7479 6634
7844 5966
189 2799
8515 292
8732 8072
2864 7531
8152 852
7654 7645
9563 2103
1965 2576
4684 1914
13 7163
1822 2099
4241 7520
1604 2109
2484 3177
1208 6217
6829 6451
4783 4942
8930 2768
9556 5239
6105 5074
8650 8664
1134 2114
2345 8758
2973 6575
3431 7683
9705 4191
6985 3716
6644 4274
2555 2362
9109 8429
9515 3655
3718 5643
9916 8425
1394 2379
9230 895
9931 4300
8063 9029
2875 8655
5855 3647
1697 8982
6430 7970
8557 9486
7001 9843
147 1452
8815 7345
2769 8118
7487 3343
9704 9828
8758 6184
2200 1233
7005 9653
1765 6524
4480 969
1174 9412
8471 6617
4610 6702
8093 3366
7145 8659
2702 9249
2657 2597
8993 8896
3321 3917
762 4959
7964 387
5473 9149
1552 8163
2011 4801
5556 7353
6830 6847
2832 688
7612 8882
6549 248
4186 7628
4031 7524
5941 1483
3012 9975
470 10000
8636 4320
9748 4743
837 7421
311 221
7864 930
9584 1585
7279 4327
1510 5260
6219 5391
7920 777
9340 9784
3894 6902
3214 4474
8668 6017
4921 3754
2897 4779
7631 6137
6416 5863
3133 5652
8882 4203
8537 3340
9013 8775
8350 9127
6291 3440
8981 8024
4670 5214
7811 7844
3672 3489
4359 214
1883 1124
8404 2596
2903 6248
6576 5673
5179 9348
2141 5569
37 4623
1470 2030
9468 2185
8696 2200
1279 1870
8188 4519
4808 4851
4379 5763
5696 8238
7312 3441
8745 2355
9125 7380
800 9982
2769 4693
9989 3203
6104 213
6185 8868
4833 9620
8662 2037
6581 6428
9318 3918
7708 9041
9203 7431
1280 2379
2175 4919
1518 3041
714 1875
3169 9391
9488 6434
323 2744
1799 3539
4109 7617
1367 3292
4302 7480
346 5783
8382 1103
9198 1439
7012 6965
8850 6099
3705 6086
6652 2991
6673 7797
6383 8728
3387 6199
1614 5395
42 2667
3001 3526
4307 3799
7278 8453
9245 5707
6501 2495
5536 3013
2019 2522
4751 6209
7539 3010
5955 8810
7360 6037
4746 7931
5792 5723
816 8421
5893 6149
7535 4532
1494 9444
4598 1409
6346 9310
9434 3607
6716 8656
8462 5856
4051 9092
3814 393
5900 7819
9318 8125
3625 8539
6659 8241
5455 3828
9401 279
4149 3785
8696 8240
6978 9921
8623 2265
940 650
2844 4970
6097 6759
4562 9734
8735 833
9137 5263
2363 7929
9800 1728
4705 7156
6165 6909
9648 9064
9283 4834
5738 2631
9031 5147
1753 5440
5516 9467
6765 2227
3336 5525
4706 4248
1419 5801
8148 8943
2677 4209
3079 6474
6838 612
4294 1297
5387 9490
8472 757
6135 5621
1960 1828
5164 7186
3360 2241
1215 7041
1499 1555
7432 2349
32 9444
1804 7015
131 9626
5229 2340
317 1613
5129 5439
327 1624
3898 2653
6618 8700
2227 229
2105 2487
3912 5838
3801 7495
3482 8902
6896 5141
8199 6801
4399 2681
2647 8899
5 5330
4560 8843
2659 1383
6313 3684
7892 705
2691 5937
4086 6168
961 8856
1181 1918
9689 2546
4385 5135
7644 2003
4201 1609
66 9919
1033 9000
197 5230
3701 4993
4520 9802
3995 4978
641 2233
7098 6603
1783 3048
6517 4075
4735 8337
1611 8176
3058 8537
8618 8011
1067 4236
8362 3350
3174 7362
7486 4236
7648 6782
5130 4532
9562 7257
3980 5156
3201 9835
4084 3745
3905 2175
1277 864
3291 260
17 2638
3937 3685
8827 7894
5255 8457
3703 7476
8764 2271
5626 2381
993 986
6957 5388
4399 835
1057 7821
6519 3718
6181 1968
9111 7758
3461 6766
1797 2177
137 8857
5868 2103
3080 883
6249 8156
6124 5090
8568 3167
3543 7716
8259 2727
9152 8967
1961 2985
4421 8718
7099 6040
674 4174
3910 2860
3315 6578
3367 4098
5307 8222
2032 7990
6807 6016
3533 3882
8696 7915
1987 8225
6118 8900
3117 1297
5899 2865
4049 3589
8094 6547
5422 6609
6815 4979
7888 5565
6036 5135
6141 6527
5813 1016
4606 8116
8877 6568
2666 578
2116 5086
5158 7307
6318 2888
4789 2641
1923 3633
5989 8923
8298 5688
1395 2516
3444 1297
8969 6196
8356 5811
7674 1632
3566 4628
3926 5585
1720 615
9499 9594
8317 6348
3082 1676
5017 9842
7443 6229
8847 8113
2803 8669
1585 6423
4847 4010
1112 9209
3163 1300
7885 7864
1757 7994
3377 5735
1116 5134
4731 6679
673 7333
9275 9399
9190 4865
662 4412
1592 633
3066 9862
5093 2048
5464 3740
7223 1205
9317 441
7956 9135
5274 4283
491 1892
1353 5374
3195 4092
4589 7231
3440 6856
2169 1346
5023 501
7792 9484
9323 7670
3245 6566
3824 350
9801 9320
3612 1575
6995 2055
2412 2022
751 6443
9106 6615
2730 5725
5345 329
1504 3541
5313 4975
8467 3394
9964 4652
2714 3124
2510 4300
756 4232
6556 8578
3025 765
9076 227
1144 3805
9292 4451
1356 10
4099 638
9731 5575
7769 7005
643 9075
2063 8313
253 8242
1141 6009
9184 2179
6492 9325
5410 3201
701 9467
4427 7580
6133 6019
1834 9852
220 3875
4156 9166
1237 7457
5511 1371
5181 6064
1829 7497
7277 7378
8290 5495
2239 9271
4451 498
9052 5046
9960 8968
9669 2635
6756 6768
5957 8001
4272 8809
5493 660
6352 4596
1655 8186
6087 8321
4512 3369
4316 6173
9617 8779
8326 2916
6521 9160
7464 163
8257 7771
5135 8066
6995 5197
659 3749
1005 2127
8789 1515
9088 9444
5621 3392
7343 4739
9558 5632
7249 4979
192 5299
7274 3669
7557 1592
5973 4651
6026 6759
8256 3167
5384 4526
2629 3886
6669 5760
4600 2791
8815 6657
7003 9812
9899 7519
1082 6052
2689 7398
8393 9398
3904 9077
3320 2281
9542 404
9927 8458
7738 2333
5809 8064
761 1627
6442 9252
6100 2440
9845 4513
2938 866
8471 6457
2387 7405
1471 3541
3690 7961
4267 4891
1250 6070
2965 1022
8681 999
6700 3200
3533 1559
4135 3040
1384 6852
6866 1219
1047 83
4810 9559
3386 1844
8881 2187
9940 9086
9122 912
1639 6492
1280 1887
2851 7163
8337 3314
8859 1296
4515 1983
431 1740
7570 154
9626 5244
3244 816
8065 4829
5125 3980
4731 2854
6410 3007
6643 1085
2862 1037
6627 3761
4985 4788
616 1696
8653 9814
9581 1594
9333 2170
9186 5245
9145 3851
6327 2729
3339 9829
2483 5607
4001 8947
1212 4606
4158 4684
9507 5859
9615 2547
2692 4962
5049 9785
2434 5163
3267 4168
4256 294
1954 5364
6583 2857
8311 5181
861 8119
3719 8143
1539 1062
9607 6938
5626 9260
1897 1970
1565 5276
5454 8384
807 680
8973 941
4299 9742
1799 6631
8140 9449
7690 3403
1933 9253
6414 8761
7778 2231
8904 5733
5149 140
5648 1041
2344 2944
1319 2079
7141 5038
9786 2428
2978 286
9071 3783
5945 2483
2917 1486
2099 957
7745 3475
2534 1343
3901 4518
4688 1931
3447 5433
7007 7827
31 8815
4047 6993
1334 4718
732 6992
9751 8465
3854 3929
8608 4035
3555 8462
7604 3411
2111 7306
4026 5553
2283 246
1705 9723
6456 331
2424 4736
6396 3069
2239 7666
7083 4868
3188 7784
3517 5811
2614 1117
3022 9408
976 4978
1918 1293
5071 8136
29 7747
3280 2154
8741 2850
3142 7221
6124 7469
7492 2776
8468 397
1265 258
7449 4933
9414 8316
1791 1808
1660 8291
9265 9823
8073 5176
6794 8787
2189 3607
3229 1468
1031 5040
728 6765
7873 9624
7478 687
6893 1587
9565 5990
7143 3131
1414 5909
9529 9692
567 38
3245 3427
9694 11
912 9118
9220 5641
5722 5995
5478 1182
3267 5310
7591 9600
5709 1638
8233 8333
7941 4192
321 5622
7589 7029
3648 3523
844 1421
3413 2809
1284 2972
1884 6330
3489 2506
3536 1778
4951 2584
8319 5263
6596 5881
1294 3021
5086 8388
5803 2571
1413 5446
8475 1804
6039 4271
7040 7785
9434 1159
8279 7460
4216 3677
2830 310
4909 3841
9133 4620
2349 6715
9621 1439
7084 4007
9615 7156
7074 6453
6191 3802
521 58
9373 5251
3299 9078
1653 3371
5718 337
5291 5263
7549 1443
9439 5416
5236 4576
7915 537
4404 8558
2875 532
3639 683
9679 1580
2669 2209
810 2577
