5486 255 100
4219 119
4208 11
2983 95
4500 252
2611 113
3388 93
1976 224
4692 234
4947 69
301 179
1537 166
731 137
4695 174
3027 77
932 73
3702 176
3514 7
3854 18
4222 62
1448 140
2541 31
2753 212
3760 205
4510 227
3706 139
2737 38
4187 119
2860 201
424 104
4765 113
2845 250
1429 220
3292 151
2011 86
365 161
974 118
4065 148
5307 217
1285 191
3451 156
4774 222
4451 211
5046 89
5315 75
1 193
1250 102
2230 225
1776 84
873 77
4505 130
4878 225
5448 93
5471 171
5465 84
2895 85
1380 177
5100 157
294 36
746 98
4478 155
756 160
376 80
5374 28
3011 168
1198 118
4204 121
1170 187
1496 230
5132 187
4173 166
5364 169
2926 109
1641 68
4518 28
3863 131
1829 53
2883 94
1886 23
4308 193
4764 105
4657 39
1980 108
4720 197
1599 102
5378 131
1939 37
738 41
2330 242
294 79
2213 92
1265 52
3706 149
3456 107
3500 98
3253 106
2038 229
3656 93
378 55
2012 0
2219 168
