10000 10000 5000
4376 8016
3615 4749
1790 5162
8368 7197
9352 2031
7003 9701
7284 4213
820 36
6295 5074
8516 9438
5348 3270
5217 7001
5443 4866
6200 2072
7200 4690
1471 5111
3949 5863
356 7374
8850 9617
2410 1295
2272 513
9598 3579
3197 9460
4712 3048
5001 8519
8882 795
4677 5862
2663 659
4160 3741
7282 4341
6061 9690
4872 6475
6196 9090
4546 8949
4158 5307
3014 6643
2728 7014
9772 5130
3494 2923
8261 466
8614 559
5783 8396
3531 5969
1919 5157
4919 5651
4467 3831
1731 1963
9848 9598
8836 1063
4922 3889
4267 858
5450 835
105 1116
8937 1168
6677 1162
9820 3843
3667 8134
6614 3410
2993 6805
8014 3437
359 2613
6312 2436
4255 3214
99 9391
1681 3450
8755 735
6380 4650
4950 6218
6859 2629
5742 2398
1551 3043
2637 7297
1411 9357
3979 3534
6531 7339
2101 3868
8056 313
8741 1228
4665 4898
3766 8250
2801 4392
9665 325
4962 1328
7454 5674
1048 2479
2013 4901
6698 7321
1114 1413
7915 8296
6162 9754
4167 6323
9900 5163
4966 4177
9959 2919
2138 6629
3991 1757
9195 1724
7912 9137
8330 3825
4455 2188
4082 4603
3846 8473
5033 2247
1297 9549
6893 6316
7320 9748
4114 72
1349 798
7556 5835
6743 1232
9881 4795
2608 8913
505 7791
8926 1621
1054 9898
981 8757
1454 4260
8700 4262
8534 9085
749 4791
5932 3708
581 1117
1214 7811
4500 1947
7337 7410
4926 3539
8633 9967
4883 8128
249 9100
3012 7600
2570 4799
3639 8642
6433 8765
1885 6933
6471 5732
6201 1636
2832 3924
1177 887
236 7385
7432 820
4552 2393
5562 5081
4880 5398
9072 7816
9675 6541
3236 7392
7057 4528
1400 4727
8150 9029
4664 7507
4467 9829
4464 5221
6852 2218
9989 8682
6155 4069
6699 1249
7250 4388
231 2893
4395 7891
6086 8496
5056 7073
7010 2748
8586 6348
4111 8994
7628 6589
769 8405
8828 6264
1843 5193
9158 3019
275 3872
3200 4875
9339 5246
5248 8599
9272 2055
4904 9635
6160 2389
3235 9232
8431 258
266 4514
9822 30
905 9628
6621 6812
8735 5451
5152 8627
5678 3748
2803 7799
1041 1252
8240 5176
3690 8328
1203 6813
2792 7836
720 3094
7368 4200
5224 4961
650 1050
6753 211
506 9786
9006 8057
8339 2571
8743 4438
1205 8752
5583 4836
4006 5890
9520 5297
9450 42
7565 8456
8247 6529
9583 2293
5150 4330
71 2080
9570 855
8207 9435
9657 5288
7016 7348
1942 3578
5158 3003
9880 8617
2123 205
8320 5624
9685 3672
3606 2741
7327 3621
2645 8727
9051 6587
2093 352
6969 1455
9921 6071
6854 3219
5193 6369
1191 2693
6736 8317
9223 8734
9713 3605
8396 3268
2840 1895
8440 8339
6398 7150
4271 4887
5351 1952
1243 3398
1219 7407
4289 7019
8075 2991
8814 4568
4657 7682
7007 9556
5818 4429
4732 1371
7830 8516
1851 9677
8012 6979
6412 1204
2701 3812
9416 5081
4192 7181
6347 5874
4017 6884
9564 9110
1005 7288
7215 1478
5620 301
8148 5213
4099 4930
60 2581
9865 7857
6029 3940
4736 4224
6521 7742
3286 779
1797 89
410 5315
5183 1491
8961 2703
1358 6176
2509 7343
1661 3866
7400 7085
2259 1797
1486 7627
4972 1182
7073 7787
8703 5734
2372 4580
4700 2430
5880 3630
368 7820
8196 4043
2620 7992
2821 1325
8900 5078
3780 6331
8214 3925
1733 5668
8523 9610
724 8617
2741 2673
5571 2273
9035 227
7850 6991
8924 4329
4106 926
1182 8697
7686 4971
2291 5011
2444 6731
3325 7744
8170 3088
8126 8057
5109 4910
1460 2716
3342 933
1362 5569
8498 9167
6393 2723
3218 7168
5341 8655
6607 1421
7082 32
9286 1738
5201 5481
224 595
8497 3730
9964 7853
7538 5528
7181 6228
1676 9087
7815 1616
5861 2795
5512 5497
6644 8466
1813 4439
4298 6373
5845 1728
2404 4533
667 2888
4440 4580
7104 4231
3828 5153
2419 1156
5409 2970
5486 8769
2743 7306
7913 732
6567 3409
485 3097
1065 1514
8443 3805
8866 8318
6857 6988
7065 3767
1635 8496
4199 3386
1361 4907
9138 2100
9984 6707
7817 7543
9788 7580
3496 466
2427 1618
6271 7411
2899 1057
2701 791
813 4180
2084 9039
6674 8847
5876 5687
8116 4230
4473 776
9177 6394
6333 5168
2076 3081
729 98
2554 2005
5389 1792
8092 3092
2825 9731
4744 2219
6419 7633
6 7898
3655 6348
1487 9568
6732 345
396 6118
8819 9012
7878 2497
5784 1047
4174 6488
3372 4013
9534 4834
2993 3255
3977 6556
5465 3704
585 2081
5931 6658
6949 1145
2358 1654
7717 2282
1655 5232
7489 9758
5110 9710
6893 4761
6337 8003
3206 3908
6132 653
6673 6638
1851 1475
4094 851
7730 3753
318 2805
8930 9101
7088 9564
3283 3328
2894 4626
6496 9795
4946 5271
4095 6903
1305 6363
7762 7142
9959 4088
6533 2565
2423 6608
1066 5800
9595 316
4187 5491
142 1882
1326 3664
6305 2337
890 7376
7466 207
5178 2610
5805 299
4086 7450
2493 3327
202 9351
8205 8524
9869 7020
4606 4625
7301 3235
9251 876
5748 6551
3876 7160
5361 8288
405 3017
9582 7550
4602 2826
4240 6258
3788 5707
8812 7117
2008 1494
8648 376
5508 4503
7485 1092
5731 5832
5888 8165
2147 3423
2059 5517
1515 9547
92 1348
4626 2245
3826 9865
3463 5778
4562 8937
2233 7003
6910 6691
7315 5601
1506 7272
3467 3281
8457 268
3778 2150
4884 2516
9626 9355
9316 1221
2459 5083
2101 8865
3073 3891
9987 6832
4066 1760
4030 1371
309 6951
7123 1484
4094 9302
7999 8536
4409 3371
2989 9055
8412 7118
8149 5233
9715 8312
7711 3792
9065 3475
7865 2263
172 4444
4523 3588
1804 6121
5790 5539
4695 1925
846 4383
5760 7277
4108 751
7382 1086
4987 4116
6517 2532
9266 9617
6696 7561
5776 454
8578 2156
8978 1255
9617 8990
2270 9781
6233 7065
7091 8076
8804 4802
7854 3642
2996 7907
3044 9488
6789 334
4057 6880
2115 4148
759 275
1009 1965
6425 7561
6421 8777
5346 9839
5700 120
9260 3350
5170 387
8211 7659
8729 753
4058 1622
6186 3251
32 3350
1369 5321
3207 7403
5027 989
4823 5165
799 5894
5256 4915
2016 9645
7322 2513
9856 1379
4909 9542
248 5472
7345 4060
3016 991
2651 9006
3288 951
5703 3123
800 4377
4749 8802
9308 8538
4080 8316
9977 6154
6797 710
8988 6162
5989 8640
575 4098
1428 1949
1455 1188
7267 9192
882 4340
8380 2733
7868 860
975 4364
5097 136
3560 5524
6671 8797
8012 428
8092 409
6571 5851
7689 1859
5697 2613
6410 8892
1685 6009
9212 1646
6628 8516
4821 9376
5728 9441
7859 1049
8761 4382
2745 5711
5973 1342
5773 3998
3502 1568
6806 997
223 7433
5124 5218
5664 3514
1320 3422
8826 3838
1224 4808
4571 8827
6922 9658
5706 1375
9610 3968
1825 8208
6878 8190
3770 2261
6545 6517
4135 5669
9410 7713
6783 8151
8221 9561
6597 168
426 6209
4937 9737
7786 3155
1036 666
4640 4821
7138 9480
5022 7819
57 1636
2348 69
7894 6672
3405 7138
5202 9974
6476 9948
6611 3809
3303 6326
2670 6185
5603 4027
8609 5330
915 2984
3810 4270
6207 6570
2948 1143
8180 4414
4349 249
4836 7481
7373 5879
2068 6233
5919 1734
2282 4845
1717 9365
1117 170
6685 8667
7116 9769
4148 2509
5683 5104
9211 5649
1998 2768
3703 427
4580 3740
8426 1279
2558 2309
5716 2771
6867 9587
6895 7365
8476 9585
3938 3756
8575 5523
9720 7379
9591 6090
2171 2359
5470 9241
9603 4475
9076 4512
5023 1098
7302 2273
5253 4999
5683 6483
9774 4626
4490 6323
8943 7905
6313 1655
778 3524
8274 5547
9506 2367
294 7312
4046 2222
8546 5175
7220 6861
9587 7570
1335 6174
9828 7299
6124 4564
8586 8492
4912 6648
3828 6647
7980 7626
9756 6612
1525 1135
1861 3557
2707 6865
5600 3571
2092 6303
2355 567
4280 1623
5982 7533
1226 7643
697 4698
7095 5812
7560 70
2029 9
4983 3499
9619 4895
2399 2226
5410 2085
4548 1360
2477 3560
1643 4919
1037 5815
679 4116
210 935
930 7766
1085 5312
2075 8965
8599 1831
5313 4323
8998 8300
2842 3177
7119 9280
8757 995
9295 5210
4954 1248
8021 1541
5448 2753
3653 6324
7129 8549
6850 1479
9349 4332
962 3446
5427 5945
5239 384
1843 395
9192 3451
9792 957
6354 9478
4502 7873
331 5134
3006 8701
9070 7316
743 3481
8094 4684
3233 6398
9165 4125
4284 4958
9662 4072
8249 4388
7218 2975
8589 9484
4190 2015
3505 6290
9490 612
5655 9983
9814 4716
6560 7766
312 2894
169 3333
3425 1851
1603 9093
5347 4784
1958 3412
541 209
2877 7950
4301 2493
5032 8701
9729 8964
1113 2145
121 2066
5113 2414
2489 6890
3525 6182
3981 190
4168 643
7976 9582
9224 8261
7632 8835
302 2124
38 6917
8139 9747
9127 8515
1335 8190
7346 834
9289 9791
2015 4680
3429 3722
910 4474
2744 8392
8043 7231
2918 3382
5610 6879
4265 3745
3747 1014
7240 8250
9156 9467
3419 7838
9979 1461
1675 4134
6896 4843
1805 4580
3556 6183
5946 7469
889 5063
850 1789
521 7938
9062 1155
291 9335
9610 7265
1196 8859
9884 7039
9981 3327
3826 8508
6971 2634
7517 2743
4349 9643
6035 2059
936 4148
1842 2883
6561 2641
6228 4733
4125 1472
3638 5933
8677 4456
3382 9256
4774 7719
8808 8170
9964 8328
8134 5245
7265 8703
6665 6125
9530 8709
1533 8176
9456 4692
7441 3741
2548 569
3612 1255
4153 1950
7752 111
6068 1306
8137 6599
2240 732
5053 7783
4171 1380
5408 1827
4888 2893
5031 8956
12 1645
9632 7428
3839 9187
1517 2984
6083 673
115 9000
6362 2595
9188 6134
3380 158
1770 6105
3455 714
283 3689
3726 8002
5674 2143
8444 286
9587 2278
9577 2184
4479 6084
78 8443
2405 9553
4705 9445
8876 4026
7290 2400
7814 787
9983 8824
8634 8466
5430 439
8178 9876
6422 4288
3059 6639
8019 124
2352 8237
6682 7638
4257 3858
9576 2419
5091 5752
564 1679
4404 2420
8416 493
6452 1155
7558 6282
1431 998
5952 3362
3403 2255
331 6608
750 2188
3308 8066
8110 334
7224 6652
2204 4804
6948 1658
6738 3497
9560 8603
8793 2119
6395 5979
804 3813
922 6524
7604 1379
457 1775
6235 8522
6504 856
1798 6060
281 7931
5105 6376
7859 7802
1104 4239
9988 5879
2872 4309
1466 5043
8585 5622
6627 9798
4582 8585
2019 3347
638 4139
1353 6932
3893 5623
8041 4888
3031 3446
1088 8202
3285 162
7425 9213
4033 5040
3274 7811
3578 9412
5196 2321
8309 1927
8680 9783
2989 9375
6238 3585
7219 3843
3936 8150
5863 7543
1762 4805
7868 3931
4752 5927
707 8505
9023 9406
691 1044
63 861
5761 4031
8626 5975
3065 5230
2421 6803
3506 179
9540 1962
566 3534
9185 522
9784 9123
8750 7383
6246 9174
611 9933
5089 5670
7630 2505
5540 2451
4197 2730
5003 4110
1056 104
7572 4374
5694 2171
9568 9690
2118 8398
2100 854
3802 2313
7378 2319
5683 4528
9921 5370
8257 3157
3918 7318
354 9523
1487 2787
1563 9534
3556 9164
9764 6341
2504 8114
9013 4083
1459 8178
8099 9701
790 16
7836 3540
9733 1685
2794 3449
9764 2988
8961 2718
4666 8023
5935 4979
6720 1215
8900 7802
8396 5800
7459 7086
3734 2474
1453 779
4701 4333
5311 3290
9078 2204
3503 7078
1984 603
1503 7303
270 6348
6682 4846
4708 3385
4904 5505
2618 750
2978 6274
4309 2797
8758 7861
9100 1673
3075 5455
6157 2570
276 4207
7743 9655
7380 4279
1213 1270
227 7302
3718 571
7377 1581
7446 4268
9629 2458
8277 1547
7808 2562
4796 606
808 7269
3592 2785
8312 1479
9897 8099
3560 5870
9413 6634
2232 8384
7993 7852
7951 4175
6821 5154
3765 2617
2830 389
6427 351
3446 1985
6385 9134
5513 4230
22 3863
2765 3937
3978 7235
9202 7457
9212 2440
545 2665
7250 3894
9670 6296
908 8184
2867 1090
1906 6696
3997 7385
2283 5708
9875 8505
9717 5608
9648 9923
1236 3764
7100 5681
8337 9076
1074 3547
640 3574
5946 2590
5013 6837
4761 9881
8840 8334
8963 1200
7819 6967
4470 871
3088 779
7646 9725
1908 8177
1272 2245
9794 5347
6781 9091
5858 5681
1539 9304
9680 1183
8375 159
1295 9081
7284 3075
9743 980
8373 3442
635 8020
6461 4298
5310 602
8985 7740
7646 996
4488 8472
5322 2807
2009 9801
842 5614
1959 924
5263 3469
5802 760
498 2915
5458 1609
893 6726
3009 6742
3734 2274
1065 5919
4377 3665
1116 1470
5956 20
5910 7217
1132 206
3901 8421
8096 6656
6857 9422
7522 8122
7327 9043
1119 2242
2470 5621
7118 9916
3966 3969
3651 8931
2032 2265
3986 7475
357 7907
6224 7497
1005 4777
6406 1144
1531 9688
8367 9971
2968 4007
1491 8686
6518 3201
6991 7919
4960 9391
4587 3693
8050 1968
2825 754
3490 9707
7068 2878
8307 2285
232 5271
4709 8800
770 8093
4971 4853
5173 2296
4611 9241
3367 9532
3863 3109
5903 575
7895 144
5371 8370
2174 8273
3872 4450
1058 5899
490 408
7234 7965
9247 5869
9609 4253
4904 8737
3908 5022
2163 1494
2262 9687
3876 6378
5618 81
4851 1337
2571 831
3539 1353
9762 4126
1486 6558
5471 689
9497 3292
7796 2146
6489 2978
4494 7695
5915 9642
4636 8979
4060 9801
349 947
5372 8026
4500 3640
7058 426
1332 2086
447 7808
1176 539
5796 1855
3017 3026
9431 7446
4781 7998
766 6518
1023 5966
6519 292
6352 8451
5494 1303
1789 4905
2065 6656
2480 4342
4439 8745
17 1609
3949 1371
8673 5987
2715 9233
9651 6571
6753 4064
9879 7061
6750 6369
9511 3106
3986 9041
7361 8545
7011 8469
6879 9607
6253 8143
8367 5642
8153 3138
8765 7575
1892 4399
5107 3665
6628 7690
7189 1349
9062 4327
6575 5316
4651 3051
2905 2442
1416 9260
8772 3076
2927 9565
3233 243
67 6021
8116 2458
4593 2450
4414 571
2093 7710
7379 6850
9312 6532
7807 2059
3546 8110
9905 7025
2693 7615
8182 2041
351 2774
8488 4419
1892 2576
1075 2734
2557 3788
548 6590
747 943
2632 2877
7833 8462
5106 1608
74 9761
3029 9661
5254 906
4303 890
7982 4907
1245 4735
8933 4913
6183 9621
2423 6744
483 1593
6591 836
7747 615
4157 4460
247 658
1391 147
1569 8363
1907 2101
4691 1903
1797 8564
295 9561
3782 4194
8052 7136
8407 7946
1394 7523
8467 5299
4494 1530
9341 1241
1244 5532
3518 7977
8145 5500
6715 4279
7340 481
8561 5596
9268 9058
1752 7131
1875 6859
3731 6585
4686 8742
3355 5297
1518 9484
3417 4619
4286 519
9049 7300
2844 9696
3271 8837
3371 1806
9141 227
303 9462
2399 2172
8448 4094
895 3248
7954 9341
2682 1116
1227 2684
9019 5391
6950 1273
3861 2460
2445 26
1581 6031
8435 3706
8557 9228
6484 3600
4403 3142
2087 1998
8809 1717
6728 2711
6206 295
6258 2914
7575 8411
4251 5147
1603 2898
3470 7971
411 4073
2614 3253
7906 6434
9359 3565
4877 4335
6590 3069
488 6267
3557 8139
9821 5515
7633 450
3126 7173
5091 5308
1367 7813
4273 3736
1748 9793
8841 3914
202 5716
322 287
8884 5182
1672 3208
6923 8228
7759 5563
8702 6480
8539 8585
2092 2574
4416 3850
1287 7667
9183 8079
1166 8134
2476 7645
9695 2798
4164 2384
8345 3999
2276 8278
1635 5214
5914 166
6166 3332
2137 1313
4265 6319
7816 8022
3337 1290
966 9593
6619 8974
1039 2326
6014 7900
6192 3805
734 9430
1718 7748
3335 3819
4414 8902
5052 445
4958 4595
1131 2488
3041 4869
9778 3525
1434 5309
6013 7222
3132 8261
3190 9863
1573 8604
9395 5983
7748 1545
7964 1818
2185 4520
4077 8917
9682 9059
4639 2347
9051 4186
1192 1650
3063 9938
5585 9613
3740 2138
1074 1891
8926 4930
1077 975
1058 1870
4746 1542
2836 2250
709 6080
2791 6550
4263 719
5702 7122
3648 532
2015 5074
8427 3331
2205 9594
3560 9882
888 6566
8557 9251
82 847
6371 81
2480 5289
8204 6398
3077 8977
9089 8674
4624 204
8254 8331
804 3771
8623 5550
8612 8740
1686 7827
1636 8640
1920 9745
1686 5445
5289 8065
4637 1278
4049 297
450 186
3872 5901
6476 2423
8164 6646
7444 6071
6079 8197
255 9203
9710 7392
3515 4563
2165 5744
4251 8727
9144 150
6765 1561
58 6173
807 9893
5062 7708
2157 1016
2876 1319
7838 2742
7157 2787
7381 3658
5433 8970
4099 6992
3950 8935
2944 8027
5627 6522
3262 7728
4842 1098
3908 4371
1493 542
4861 7181
8134 3984
2302 1100
9391 3151
7008 7082
4588 3631
9083 9740
6552 2022
1626 245
9812 8952
885 7837
1232 818
2956 5146
4497 9193
7057 3678
8153 6391
6130 7852
7675 9359
2902 9628
8792 7603
358 4070
5740 8796
7858 6292
7468 4673
4211 9447
2565 7278
6081 5294
5298 5880
5509 6245
4623 489
2845 6830
7069 7834
5512 3211
897 4320
1130 4909
2651 6728
3461 3254
8634 6404
3347 5670
3085 4715
8158 2143
1842 1200
9076 9330
8343 688
9347 1462
8769 8127
8741 3830
8711 5698
2145 4415
4284 2712
9182 9042
3385 3686
1906 3015
8052 4434
3957 6849
3923 3679
5696 5803
4869 8893
5288 2556
1145 9740
163 4989
5647 2719
9578 9607
9439 5545
5085 1430
1173 5529
616 9069
6696 6541
6078 3580
732 5606
4270 21
577 2257
7205 3324
7587 1692
3051 4456
627 6601
1179 7082
8910 7879
5510 5414
8497 1292
9511 6500
2745 4229
4847 9236
7745 5689
3592 8052
2229 7326
9896 5698
4178 8256
1633 8170
3339 2655
634 7652
3190 9849
5089 9769
5904 7953
2341 6111
9973 4728
4215 8416
8138 9600
4751 610
7670 8643
4912 6977
8962 2723
6384 2129
5571 9556
3791 1005
7040 6114
4107 4628
3564 2038
6980 324
9871 9676
4793 7138
4792 206
2612 6291
6741 9415
1440 2808
3990 8732
146 7234
6373 3731
8786 3232
3896 9903
8813 9664
7751 3595
4992 8729
9225 8898
881 5509
9589 7358
1507 9230
4818 6302
5512 526
8807 7124
1136 3619
3767 9540
8122 6267
2935 2479
4784 1104
1629 3174
4692 2371
4088 3873
7628 8152
3857 6413
5826 1656
7406 7225
1254 5907
4960 9083
9979 3616
7948 1451
3433 1681
6656 2373
3094 4956
7396 5149
8682 4533
6330 1371
3247 5792
4015 2438
733 4113
7846 9636
4033 3220
5470 60
6652 1294
3973 5513
278 8614
9811 3345
70 2975
4583 8050
2723 2198
4920 4622
406 8262
3 77
6267 3345
3288 989
9212 8
5457 9511
3705 7752
360 8958
1260 479
3440 8813
8805 5457
1612 5825
6147 1762
1928 5051
9337 4254
7761 900
1779 8429
6691 2554
9543 2612
2798 2590
6101 8873
2632 2141
5543 7923
386 9927
8024 2265
9827 8367
1934 5847
5116 2790
7290 22
617 6868
17 8904
1778 5742
5239 5159
8445 4559
3067 5917
524 1376
7165 6521
2762 4275
6083 7544
3893 7085
4913 239
3773 4758
6038 6205
2172 2781
2176 9005
5778 8720
4450 5595
5098 6508
9088 1491
3384 7155
4105 2543
4536 6506
7591 2369
4937 7942
3738 811
6672 5561
7088 6796
6322 6648
4425 323
4590 972
905 5592
9389 9820
9763 5805
905 6201
2746 5870
7963 9955
6596 1951
3269 8446
6511 6774
7743 2048
2607 611
9565 9810
8061 9262
4327 8800
1431 2418
1318 3386
7249 4962
331 9680
8040 6019
9795 9668
5381 4816
567 756
1514 753
6699 9085
4796 2184
7849 9464
7964 2759
8986 2570
9248 2069
1955 3547
9794 9596
22 9826
3476 6747
5365 3043
5269 1898
9592 1475
2263 2338
5027 3674
3587 1626
9094 9596
8409 708
1697 5134
408 1105
3050 8019
8429 5232
1589 2495
348 6258
2943 3486
3948 9863
4885 8502
7103 8796
6042 2382
4861 9881
8818 7086
4823 7221
7694 1140
815 6647
9669 3362
4690 5763
9615 3968
2384 399
5627 4882
4174 4795
6829 5595
1889 3030
5148 4317
5409 2684
9887 9932
8250 2341
9346 5121
1147 4632
6220 1719
7026 225
7520 2453
3509 2886
1928 3799
9263 3097
9299 9000
864 3071
1737 9315
7149 3891
8407 9197
6213 520
861 4644
5845 6181
7261 2737
6020 6399
7470 8631
3437 679
6247 7337
4817 3750
1750 6420
9886 9969
1580 7421
2197 9848
4277 8449
4695 2979
1778 4545
5593 7651
5911 9177
7195 2
6654 2920
7836 3001
4437 6185
1442 2820
8801 2078
2494 3589
12 1284
662 3113
8097 8795
2640 2414
6277 6572
484 4650
8989 8703
8339 1649
4898 1546
6005 4232
4954 2326
845 6350
7168 1785
7889 7380
8821 2759
3052 9632
7721 3654
6522 282
8349 9071
8625 9814
5415 77
7034 4031
7743 8071
1111 3591
4054 6693
1637 5565
8154 9348
4301 8598
1080 8473
6764 1301
8317 2815
1895 5435
6425 4154
7454 611
6156 2111
7079 6023
1166 2746
2551 5334
4857 3025
5105 1811
5267 7655
6699 3813
424 4760
808 6726
1974 1428
4629 1301
9993 439
5579 3617
2259 2635
9555 2400
5995 4007
237 2913
9015 5047
7376 3277
8600 5657
3009 2133
8192 2818
8289 9217
4846 4228
3589 8660
8427 7518
2142 4313
3967 5561
562 8733
4819 5302
1359 2228
6458 7745
1924 4566
1357 4213
1051 5507
2319 2379
4167 73
8773 6599
1636 800
6584 731
5966 1323
7923 3804
9787 2420
3329 3332
828 3667
5804 3231
1325 4273
242 1325
7813 6800
924 140
1677 231
1782 4951
3900 8165
7858 871
2422 7911
2474 9157
617 7379
3206 1468
6982 4732
4415 3769
3432 2531
4118 581
2338 4007
3602 2208
9494 2765
9021 8934
7623 9792
8985 4780
3531 7676
6275 2529
566 8225
782 478
6112 932
8032 3730
6865 8811
4279 4381
3649 4316
6156 5396
1822 367
4892 4702
7031 2268
8227 4051
9653 1085
195 9093
8841 2007
4605 2043
895 989
1634 8408
7832 8724
5371 812
3439 631
5786 571
9819 3002
1915 4565
8829 3398
7358 3354
872 39
1661 9728
8285 3626
2919 9549
2026 6012
6649 9966
2182 9255
4292 5383
4392 9165
1484 2856
576 4974
8280 4831
9693 6729
8382 6270
5892 9255
9946 1294
7825 6824
8181 9931
8754 914
7195 9726
1196 7771
1086 8540
3903 5659
251 1159
5198 6646
9078 6163
1650 202
2451 1837
5165 2513
4631 2732
1610 6623
9083 3234
6470 1859
4191 80
5222 6724
2450 3972
1645 5062
6340 5662
8781 3785
4815 2601
6731 9216
9311 5325
9693 5968
4803 5282
2459 228
1181 8397
4742 2643
920 636
9245 3078
5436 9807
4136 3124
2021 7523
1342 3297
570 8205
8873 419
9490 3842
9879 8672
9598 2470
2796 6111
6028 7644
739 9603
9811 1159
62 3049
9976 119
485 8824
277 8753
3013 6671
658 4524
2446 5356
353 6073
3038 8214
6455 4410
460 8255
1366 6341
2432 6151
414 2879
6464 7449
9285 3121
3413 804
4960 591
9960 6912
5282 2777
3334 709
2646 3952
1221 7888
7744 6153
6914 8741
787 9967
7468 6542
3607 6734
5079 7130
2738 6210
7289 6441
863 8965
3135 9645
7888 24
1477 1001
6022 4716
4362 7508
5260 2512
3950 9243
9307 3606
8649 8344
1014 9180
2939 1520
7323 4424
332 7536
3652 6593
455 4561
8595 2930
6027 5802
1031 129
1452 7752
9897 7177
742 3325
769 8374
3325 8253
3702 9315
8516 2151
1475 3105
8022 7230
4656 5682
8774 525
1629 5576
4371 1730
104 3957
7654 6252
839 8611
5469 532
6678 5963
9992 9958
9493 9945
5178 6261
1887 7775
6291 4398
7370 8822
2799 9390
1267 7954
5509 9956
5270 4833
4977 3376
1156 7173
5609 1411
3222 2510
4444 1672
6274 4161
6965 4662
4557 7559
1393 6002
6981 571
1303 8527
6983 5443
6829 8312
7722 8244
9660 6718
3658 8377
3132 1799
1261 7014
953 4747
7040 2065
2523 615
3041 3777
3153 6003
224 4576
344 2278
3415 9895
6652 3013
272 5156
2193 7891
8718 6157
10000 2575
1436 6861
8080 2799
4365 2644
6178 1166
369 1440
8531 7349
582 5501
5090 1572
88 924
7366 3974
1052 8167
2115 4394
9394 2271
4074 9320
809 426
1683 2016
6366 1892
1990 1564
7747 8237
583 7726
6663 9198
1003 9075
3632 9468
8802 737
5422 4622
9849 8962
3932 6896
1288 1380
961 7528
6157 3445
430 6235
9965 9116
4052 3887
6722 2195
3717 3266
20 6434
1682 680
8947 8106
3940 8274
5050 1838
2622 3475
2272 8072
5250 7042
3060 9200
6377 3238
362 7691
1689 4443
9139 8203
1127 5155
6564 1176
8601 5275
7296 9666
2997 3332
775 3110
4661 8129
5201 5921
7454 8189
3184 8506
514 2680
2607 1730
5938 6183
6836 8392
6211 7679
3864 3954
1144 7332
7054 8435
7349 6846
1403 9812
8924 3065
5177 4638
7234 3889
8605 85
7307 1646
5978 1462
719 2747
6914 4212
3224 755
9969 8691
9611 1130
8059 8564
2329 3346
4793 5495
2316 2661
7079 678
8111 9096
325 6898
7316 987
747 455
9299 6558
7509 1572
6657 5576
506 3570
7769 8930
2386 2583
3823 6721
564 1449
1927 9288
4316 8571
3706 9174
8273 5057
8440 5272
2076 3623
3283 8462
4233 6405
153 7859
8718 8444
9045 2024
7385 8104
1203 8399
9486 280
2488 7504
3719 3027
6837 4344
8749 2975
3664 9975
4256 9574
2675 9689
2067 9175
954 9503
7904 4314
2532 8967
8382 2148
5385 7392
6109 8549
5993 4384
3352 1449
768 309
8223 7467
400 4982
7709 4450
8313 4187
2636 3752
8054 3806
6472 9590
1436 9222
4772 845
8529 2991
6610 2111
2425 7745
6606 6977
4250 7941
2951 4859
2908 93
5069 1240
9608 3871
6127 6117
7203 1129
7365 6359
7671 1813
4304 2054
5715 4597
2184 7061
8197 1665
714 4426
2562 6318
1550 6827
7129 9869
3825 195
770 6751
9359 5024
1137 5991
110 2234
5393 7449
6122 9239
1575 8262
1295 8296
2457 2174
7406 5496
4783 3859
5291 9906
4236 3
5592 8041
3092 1340
7928 1963
3472 4845
1698 9728
8504 572
1056 7566
7153 7913
6867 8739
6627 3353
2870 5933
4951 8664
2862 2296
8053 6553
4378 7892
3082 1285
6888 5036
9263 8549
680 3155
9849 3402
2809 9123
8582 7609
8748 1542
6640 3206
9628 2075
6823 5210
1409 9670
9487 9184
4243 4220
3989 7924
3936 2850
3505 547
6156 280
7345 695
6106 5293
2798 1921
2466 4891
7876 3905
4225 3483
9097 5269
9177 147
9148 6746
6327 7485
6577 5184
2911 9586
4999 5364
7226 3712
3396 327
1551 5969
3006 4705
9737 7217
1801 2695
914 7426
5105 9025
147 7079
3765 5029
7312 9323
8833 8979
7809 3589
9779 9853
5573 6729
2603 8979
3507 6793
1665 1479
9385 1019
7530 7259
3573 8547
2395 6527
922 9656
5866 3974
9292 8682
5706 4830
3894 961
6682 554
9909 1762
8962 161
6654 3801
1686 3251
8143 5895
3801 2430
5619 885
4335 7492
2098 2522
6438 1842
9683 5909
9364 2159
9324 6419
6040 2499
9816 4182
7660 1051
2491 1791
8963 8392
7927 9383
8962 3117
7054 9613
4581 3937
8599 4742
5520 8391
2582 8785
4912 9739
3234 8976
7655 6240
1375 6237
7967 3572
5926 2904
3221 7827
8322 9700
3039 3476
1441 8611
1842 7064
5782 9712
6119 1561
6638 965
267 9606
8309 6896
2177 5189
8673 6505
6996 3638
6021 7650
7139 5264
309 8853
2028 443
9493 5654
1972 2202
6652 590
3955 2732
1924 2903
5105 5312
54 2585
538 9038
4421 1226
4682 2234
7720 7750
293 1441
4901 1397
2901 2078
2246 3765
2988 8336
7613 4856
3267 8151
7959 2210
5488 5228
5263 7997
1131 8550
5065 9504
1895 5434
1187 3431
3972 5464
819 268
7392 9581
682 9232
4258 1830
211 777
2054 7780
1582 4366
351 4110
7724 2360
7904 3385
8073 3762
8153 5290
7385 1984
8170 6322
2519 6796
9328 2351
6185 7575
7968 7723
2113 3649
9918 1201
3587 3509
5810 7428
4806 2602
3276 5992
4435 7768
9969 5676
1437 808
1720 3378
7245 2062
311 4414
3690 6760
9344 1179
6201 3994
219 3450
9440 9779
8450 7304
8592 6645
2969 102
5737 5009
7668 6549
2254 3801
6756 7798
739 8382
759 9814
1734 7371
4502 551
9858 8601
7177 7910
1608 2346
114 3644
4286 8244
4759 8669
4512 8370
8292 1868
2200 1672
9575 9262
4094 4651
8845 1639
4768 3062
7653 869
8428 286
1422 8550
1906 1330
9254 9722
7478 1158
5841 4641
6479 6018
7928 9248
3927 1480
9031 4246
5647 6587
3829 4158
991 4290
7571 7128
3915 8501
4427 9860
2949 5696
9 2976
5268 1249
5066 3266
2653 9460
8142 2487
2295 2539
4200 6627
9742 3595
4447 2247
1761 3343
5332 389
3369 8710
6560 2874
7840 7369
9107 8475
5212 72
2329 1390
7490 7632
8975 7828
961 6648
9272 8278
8287 4997
4146 7661
787 1389
9295 265
1401 9480
9583 9217
1853 1084
6217 7505
8887 2457
6172 4376
9157 2061
9845 8122
1311 4335
3788 2761
1474 3656
1971 3669
8482 7175
8742 7065
4634 3398
5062 8465
3939 8034
4842 2927
8986 2632
7153 8295
9155 1887
5800 9098
8029 983
5800 9034
6594 8989
5477 7302
5747 3891
4566 6779
8024 2251
9744 2342
6067 2019
2034 1767
1612 2126
87 8532
5328 7105
6137 1891
5352 4886
9370 1671
3457 3236
5044 7010
4815 9492
9304 8953
9450 4660
3339 2560
7892 7064
7291 2036
9027 2709
2931 3502
7864 9870
5461 5534
3222 6015
5188 1679
8251 4300
2366 5275
3735 4566
4650 3046
9528 5761
760 7433
7099 9146
5226 1478
1752 8681
5938 7401
9543 1554
8924 6456
2189 5946
9869 8910
5748 916
5049 7752
7429 3106
1881 6433
8747 4061
5656 5803
4481 7223
6100 7299
5174 4447
4140 8285
4845 7273
1779 98
9263 4821
7598 2328
5986 5543
8119 5497
8702 2362
4984 3967
8183 673
7503 5768
9280 9542
9042 5978
3006 6594
9990 9026
8732 3999
2209 1966
6920 1586
7297 2477
6094 5995
5052 7127
9404 9064
945 3452
8041 1435
1516 2060
3691 7690
2221 1793
71 2267
7703 193
9552 4081
5224 3441
2317 3922
9356 2753
8453 3445
861 4694
2176 7423
4567 5543
3694 1576
6334 6956
7710 2997
4767 6706
9077 3263
3558 6943
2884 4083
9113 547
7426 497
3723 2262
4864 6682
6757 2789
1778 3518
734 5325
1033 1429
3369 8136
833 167
6947 1489
9908 4236
7145 8960
8430 5983
6417 697
8243 4969
5954 7584
2841 1777
5530 689
9229 6174
5278 6280
4637 6919
773 87
1828 3790
9963 9466
9640 1777
7639 4009
7390 4114
8516 4494
6057 3829
987 5308
9723 980
3324 2008
2196 3639
6004 8590
9716 1824
3255 6253
5882 1692
9008 5639
9316 1492
7573 4121
5299 8056
6069 1954
4837 907
2980 2839
1655 5551
4527 9516
4566 8781
4785 4390
4041 6886
8972 3609
4880 15
4257 1511
8039 4199
4053 862
8986 3649
9801 2539
1079 5406
75 1562
3363 6674
4981 1992
1076 2782
4773 371
6107 7877
2018 1426
7171 2243
4565 9823
643 1776
1315 7957
4404 8409
5388 8108
6887 586
6980 2672
9667 2495
8557 235
2491 3086
9588 4935
5268 8114
4744 3503
1796 9624
4140 3163
5188 7398
8881 5933
8671 1270
4145 7139
3880 7955
6656 7131
6508 9886
8281 531
1179 2799
7926 7034
3299 5815
4115 6167
2105 4940
1379 93
1760 6773
9929 5420
3135 9240
8200 7746
4943 6658
8642 5738
2053 931
2251 4440
1414 4430
6058 9545
9446 9023
955 4685
4954 8321
5788 50
1495 9726
6527 1084
6994 9522
6620 8118
9496 3993
6991 5873
9838 6153
9719 3277
5199 7394
1611 7489
6232 8021
1502 2600
8845 9102
3026 9078
5615 3896
1775 4356
6977 599
5866 9489
3137 2207
6967 4897
9175 1085
6556 8814
9682 6631
9873 7425
8133 8960
5578 6240
5051 5184
4292 6118
7549 3771
2596 4805
643 2616
4758 1432
5294 6089
777 7776
5670 5573
9102 2981
7344 3652
1346 4953
9727 1471
7288 9687
7605 3427
5266 9128
9705 9563
1831 8764
3471 3440
4469 8247
9359 2750
4733 3679
7194 4511
9874 9884
8609 3266
6384 6462
7468 3586
3039 7733
9930 7013
1039 284
3085 8493
7105 6721
6708 6757
6666 7816
9259 7137
6992 116
7920 1509
1863 8908
4203 1097
6133 3926
1464 4349
4673 5115
5756 6485
5870 7194
1059 4760
3710 5407
9851 789
4109 7660
4237 8225
8375 4215
97 4202
6082 4121
1160 4759
8123 1154
745 5443
3952 9031
3439 5068
7078 2567
796 2828
5110 9391
9259 5693
1073 7124
6656 2009
564 7625
5385 7197
6924 3135
4023 7210
8118 3851
695 8016
4263 1405
2880 3321
3265 6958
3080 2391
1291 4629
7030 876
196 5716
7605 7233
3136 8844
5384 3450
512 1807
7989 5815
7974 3642
5898 2469
9070 5284
1330 1633
8418 1998
4116 8492
4525 1422
1720 5182
9473 6399
9187 9040
134 3963
9059 6828
9194 1289
1702 817
1352 2432
1037 1997
5898 5
2732 1726
7840 7452
7002 5415
276 4952
25 5201
7255 3752
2160 866
4242 3554
1060 2805
7905 3751
3034 5377
6334 2281
9006 1897
8757 3634
433 7550
1486 8488
2856 1259
5480 8058
1061 5717
5752 6191
32 4587
2447 3610
2448 6837
5741 520
7187 8957
5273 5713
5064 1677
8760 6011
5331 7961
575 4610
6011 8305
8498 9561
4554 2656
2302 8234
4918 1987
1217 8364
9864 8327
4195 522
2415 9123
8289 8444
8318 5817
830 9168
8150 6028
4720 9104
7584 3095
1102 2349
497 2636
1748 594
1889 855
8314 5421
1349 5363
1140 9792
2241 4051
4166 167
2021 9074
5770 2067
9687 4373
2581 3102
3088 4524
4582 4977
3359 2979
8524 9023
5905 9901
7754 1415
5955 1289
5160 2894
6435 597
7336 7798
8381 3078
7715 9397
3025 4471
7715 4426
6461 5659
2578 6902
4776 4136
9758 4663
464 334
8972 3525
3472 5234
2702 2339
5941 4553
9490 3579
4333 1888
7093 4384
6714 9590
7825 6063
3265 9689
4337 3006
2555 8518
3803 5217
532 6247
8292 8606
3794 4578
6638 2026
7976 7601
3493 1232
5193 5406
881 1422
482 2908
7767 1870
3675 2403
4700 1648
97 8283
4236 3047
6691 519
7146 4896
6883 4283
9071 9818
4101 6087
8074 7940
8810 3703
820 5955
9751 5597
6644 8821
3449 9012
3457 5492
8769 2568
7873 8718
1601 3021
3692 7009
5074 8447
8294 8617
5691 758
2126 2678
3886 2011
8046 9185
9824 6184
5089 306
7651 9600
8483 6123
4927 8870
703 282
4595 3493
7003 6146
1235 5356
9230 2453
2256 178
8124 4512
4194 4959
7588 1934
4656 269
1578 7603
7129 6871
9560 3727
7560 7688
4517 897
6196 1340
2815 3381
6613 8649
8945 2643
7849 8946
827 5839
5285 7131
5164 226
4547 8448
7256 447
471 1720
759 7457
2021 6027
4123 7910
3440 239
7948 2021
4835 1338
4439 3286
2824 2059
6009 2303
8666 9579
5487 6073
9280 7113
4724 8154
7169 6485
5081 3889
3347 6883
7642 1894
5095 7433
9214 6170
9098 5013
7143 1528
2133 2606
9198 5705
2583 8180
6217 672
4932 8355
3726 8830
3986 9885
2826 347
9688 2988
5744 9228
1619 5404
1489 1988
2558 3066
8920 7717
5793 4986
7802 1787
8539 3185
122 1264
2019 6457
7246 8652
4682 7855
9965 7327
4184 8950
4992 4760
8868 2913
5635 7808
6894 6850
6570 3697
6539 581
6588 7082
1763 9475
7614 3754
3670 4370
8072 6659
9835 3905
149 9066
6507 7252
6935 3967
6303 9807
3929 4899
53 7737
1872 7813
4811 3362
5409 6713
874 6292
3473 8983
3969 8378
1552 7792
5341 2330
3078 8130
6972 8127
2295 626
8541 6335
9350 5456
3616 2701
4030 4624
9071 1936
7816 7343
8605 6385
1263 7050
804 6082
8582 4895
1235 5305
2776 9251
5703 9986
4286 6685
4207 5292
8592 6463
5960 4185
2200 312
4239 7761
1673 7252
4508 1242
2037 5585
8918 1702
1130 448
8252 811
9857 3449
2638 1831
4405 2574
7345 6694
4250 8768
7529 6551
8171 4450
1657 3586
3629 1067
8831 1782
7837 5285
7478 5839
7779 2764
4923 1046
6091 2874
3973 10000
9028 5662
131 297
322 8513
1171 904
4286 6771
8890 5905
9172 9280
9198 1927
1004 5334
4353 5885
8906 6992
7680 7856
4479 7964
4489 43
2707 1495
6988 8865
2245 4180
5504 7955
127 7088
8729 1192
2383 9122
766 5862
1577 1714
3233 6736
8945 4924
8068 255
8283 8571
8495 8810
94 8574
93 3149
7051 33
5308 382
5378 2864
6621 1061
8198 682
8091 6383
2894 261
2628 4690
5600 8971
2922 6295
6116 4776
1937 6748
7010 405
5563 3556
4031 8414
7139 1824
7355 9612
4600 6194
3872 3991
7581 5057
691 5140
5467 9699
3489 9117
6004 7835
8365 1793
3342 3131
1638 5057
7165 7629
4601 1696
2331 8507
3271 3624
3185 6165
6173 5064
8463 5738
4387 1797
9165 3557
6996 3333
1270 419
4368 7821
1226 2209
1184 6317
899 7408
2680 4376
5709 7811
8433 702
8717 6845
1657 6070
1165 9608
7081 8598
9228 6248
1395 567
6745 1732
1485 8103
8011 7716
5134 4649
8527 1901
9469 9775
4575 5263
5932 4099
3498 1053
8033 1412
1988 3075
9228 8648
1914 2315
6881 8019
3591 2733
3556 4478
8187 1890
8867 2589
7982 3753
572 9109
1581 6778
1204 5272
7495 6072
8809 2791
1413 6032
2111 9799
679 5923
6771 6562
7128 3110
8438 3003
2052 8357
6279 3405
9985 6662
2953 8279
344 1688
5704 8520
225 5638
3166 8866
5142 1105
6998 368
5108 3895
3635 9614
2152 5454
9514 2082
7462 7648
3548 5443
6829 541
6485 3179
9533 1942
7190 5190
6939 6087
7153 7253
3199 5221
2100 3483
2017 7777
7388 3780
2072 948
334 653
8352 7426
215 1845
1592 1134
857 9513
3906 502
7552 7331
3120 6403
6430 2941
8046 5700
8897 1425
4817 884
5548 891
8861 8391
108 7831
2515 9487
3481 9605
5548 4332
2761 5467
4752 1513
9685 5445
9163 8261
253 1215
7394 1735
2173 1016
6754 9549
1822 2316
9401 4964
1776 277
645 5327
7414 8164
5987 5143
4048 6745
7763 7551
2029 4175
6370 9649
4741 1161
8380 8430
5159 9272
361 7430
9961 3643
7809 5557
4954 1987
8425 8714
4509 1427
414 9953
2118 6476
6484 4684
7200 1728
20 2806
8129 9597
4683 1775
3382 4325
8321 6106
1684 8548
6679 7488
1098 4168
6911 736
8294 4567
7554 1035
8677 3065
5227 5339
7048 5755
8008 1035
5380 9370
1258 1299
2037 5515
1662 4754
6714 2065
1034 9843
8387 3642
1544 7502
6678 3623
3968 5024
8025 1873
6936 1123
959 9257
1480 7378
6863 9255
8977 9926
6874 5500
7272 1769
2553 1761
2213 5530
7524 5066
8269 760
5976 3411
4509 8828
3766 4603
3034 9761
2591 6517
759 9423
896 8419
9961 9195
1415 6910
6771 206
3983 339
6788 5066
9291 3819
4417 9032
4228 3902
2041 9275
7783 7864
9633 8797
7869 178
2639 986
3325 3021
5396 7537
668 5544
3140 116
9518 3387
7144 5063
6322 8521
1101 3706
8007 2428
5598 6267
8226 9832
4561 4983
6189 7303
4514 4624
7682 2542
6238 1629
322 8444
3174 6426
2701 2090
8754 2242
585 2072
8296 7635
3602 4617
4611 7780
1201 9731
7453 2449
8558 4900
6998 8797
6483 6530
7005 279
5839 4470
1748 2475
4360 740
3978 786
7800 9702
1679 6453
5196 860
4729 7449
4173 6646
676 8806
3380 2584
771 6065
9743 5932
6387 2283
1880 6488
6713 885
1396 9347
7721 13
8625 2344
457 2859
3823 5006
3404 543
1412 3504
9509 7081
4930 9990
622 2424
6227 3989
2239 5324
2970 3468
5962 5121
7939 8556
3511 4955
2473 4986
5668 1799
3450 4565
5368 7792
688 7861
9054 4955
2661 6412
9530 1590
406 1046
2025 2680
5849 3215
9990 5617
5601 680
4795 1816
2095 7442
3199 1251
2312 2744
3249 5844
7544 9262
7787 3526
2776 4536
9351 8245
7897 822
3397 2959
6083 7628
1804 5959
965 5063
6647 4500
7981 4958
5470 6215
9648 3365
1831 249
7670 6382
4174 4949
2737 2404
8699 1447
6174 350
6479 744
375 7489
494 523
2226 2710
2915 8213
6640 3487
9291 9656
8058 7389
8672 7706
4172 5819
8235 4907
8140 3487
3741 4911
6169 3089
2751 4974
7871 5919
7691 3647
8307 6965
7045 5177
5513 7063
9538 8832
5326 704
4625 9937
3675 7297
2411 6713
9761 8983
2058 8583
7528 8076
3529 8347
2513 39
9979 7612
7680 220
1699 7957
5586 923
3368 4996
8787 4084
6744 2452
1418 4363
1770 3116
5582 5426
3158 3475
4257 2973
72 7698
6359 8518
6573 4482
4154 2174
2728 7976
8218 5167
989 2331
7766 4530
3369 702
8017 995
4308 995
1683 4742
2684 1386
2208 3401
5258 5307
8608 3876
6748 5517
3151 5053
4280 3189
7867 8129
1940 4538
5087 6407
1771 6482
3718 2229
5290 632
7707 5448
1114 2821
882 812
3864 6231
8849 1561
638 7009
3117 9273
5968 8866
3268 3516
4804 1918
109 7653
6885 8796
8000 4100
5372 5597
5020 3728
1268 7426
180 1159
2703 4834
8088 3782
7138 7518
18 8099
7472 215
5786 3435
154 4256
2658 6710
4305 9508
8763 2276
1647 2760
9746 1460
7669 8274
2896 9024
7401 2465
4382 58
61 6110
892 7023
1852 5435
2098 6684
5412 6064
9712 5147
970 8097
8854 9151
2092 8255
6990 2626
4086 6573
6244 1608
2775 6725
154 6416
7445 7093
9592 5616
498 2960
7395 3926
1414 8609
1188 5588
4084 7477
1247 5599
2350 466
7396 284
7172 5416
8890 2120
363 9685
7484 1396
496 3638
6428 7728
2561 6032
9995 3884
5188 4558
9424 7434
5114 8290
8450 2071
3470 9608
2075 6592
6243 4074
8618 1103
7420 6615
2513 617
8872 4124
5793 3277
4657 805
9463 708
1658 7201
6699 799
9613 1765
6023 7966
7695 2867
313 659
8835 5162
3991 7803
7370 6700
7035 2403
563 3016
2707 8460
2837 3012
3753 6598
1278 4129
1515 5003
2890 6388
9732 1374
1267 6970
1162 48
6859 4182
1128 3416
9700 4571
9652 1851
252 186
220 978
1076 8068
8222 2708
268 2160
2947 256
9439 2568
5812 7857
2911 3524
4965 3247
567 7266
3851 1839
7677 1488
2011 8103
9071 6768
584 9321
983 9155
2099 3670
2953 5261
6869 7748
3037 5354
1679 9497
2880 5023
661 9060
2676 7533
4305 2922
9108 1161
6276 5037
2648 8817
2771 4702
7625 3646
9279 7313
2799 5043
8134 1791
965 3792
10 9939
6537 4940
1398 8819
4858 3602
6170 9591
2345 7217
8235 6901
3089 5467
3059 2543
9113 7307
3341 4004
7763 7230
5919 5627
8892 9734
3936 1466
8201 7121
8806 4166
5133 9550
6855 8023
9942 9214
2022 5824
5723 5145
8252 9804
9080 7954
3479 2204
8170 3923
6404 1495
6528 9104
875 3316
4782 3373
5028 4364
3584 8307
411 6082
1635 2473
7829 2614
4122 9104
7474 9153
1071 5454
4212 980
5541 9466
2825 6019
2288 7344
3636 6420
6408 8923
781 9502
6601 8057
681 2569
5356 9876
7671 825
3598 5862
6163 7435
4176 9443
962 6796
2034 476
1884 7372
2585 7008
6845 8098
3904 3139
5466 7792
4209 8918
3083 9915
6217 7345
1241 8311
6442 5828
6781 8509
8802 3725
4538 2351
3146 7596
3594 9290
5906 6851
6132 6117
8167 1462
8817 6066
1757 6976
8408 8149
759 455
8390 3147
4185 3329
237 3490
7485 7096
8658 6281
9196 4132
3905 36
5528 3392
8833 6372
419 9781
4502 3221
4716 7299
4168 9009
1122 658
5195 4196
3555 8532
9723 708
1055 6854
9868 369
8253 6934
2164 1482
4952 5782
9542 9876
3970 7957
110 7518
144 7141
815 4792
1732 4345
2051 1133
7689 5918
2557 8698
4971 9427
4102 9523
6732 3882
8751 221
1231 4076
8720 5258
5865 1437
4325 6794
792 8760
4546 3697
7172 9320
7696 9720
5240 450
123 2244
6021 5728
339 7979
9845 8288
5414 8662
743 2783
9839 3860
8230 4736
6610 3877
9719 1843
8652 7079
1738 7408
7697 2994
4350 718
1307 6974
668 8993
7686 5297
9290 499
6309 2341
3550 5313
6364 4709
6639 795
7015 5502
8744 4690
2006 317
6383 2547
2712 7551
3325 5408
9271 276
3134 6903
6173 8284
1555 606
6332 5390
5422 9607
5855 8550
6905 8205
5254 8337
8317 1294
2611 3227
3636 1968
6788 9066
8876 7802
6305 1310
5965 3275
1588 8042
7317 3442
4949 7707
93 4245
8119 887
9776 3040
207 3941
6874 726
3927 7393
3130 2213
2228 8421
8664 9992
1502 3811
7656 9724
9653 4390
5897 7493
8869 1969
1299 3880
7801 3208
7170 2134
2900 9815
3591 107
1054 6960
1545 4215
47 2366
3171 4532
5871 8232
9605 4869
7486 4427
9488 9900
4222 1441
479 7075
7110 4122
9180 2202
8132 9565
1529 8577
7526 2886
6402 607
5029 5488
8625 9841
9131 787
8829 7598
6220 5810
2569 4678
5018 9657
9471 3039
24 1372
7711 4603
1168 5166
9056 4921
5506 9760
2372 1538
7921 9757
8344 580
3927 9807
7223 2547
4091 9246
5826 8328
9209 2663
3794 649
2434 147
970 8194
5474 1603
1282 1219
3458 3086
8260 1583
9122 5792
64 5315
1576 9349
3816 7892
2801 795
7683 9527
1272 105
2900 3994
6081 8907
3827 5990
7018 2913
9941 5173
6380 9284
8182 2198
3666 1074
7537 8060
553 4051
5126 7975
9735 6549
7520 6290
9638 3822
2319 2755
4073 3892
4473 1651
7409 3787
7512 3486
6422 2816
5841 5520
2826 1691
7764 9451
3739 8980
727 2182
157 2651
7524 577
5172 7281
9531 6200
2141 5624
8494 5669
5554 4631
3855 6212
9521 2038
2354 2477
953 1714
2763 2236
2362 4911
2739 5107
6284 7284
886 6095
5613 6716
87 6034
9986 147
5211 9420
3939 15
4775 4679
8479 6905
4614 7542
4027 10000
3276 8738
894 5296
8185 9341
9372 7008
7644 8449
6149 5611
5755 1242
7392 956
7432 7992
6835 3166
9485 4108
2936 8168
8880 4454
667 5081
8157 649
4813 3960
2775 2177
7442 9125
4429 4126
6402 1555
3374 6735
6267 5332
8392 3965
3694 8313
5566 3612
6453 7548
7868 6188
3445 3048
8459 1948
1531 8109
7018 5935
7715 7668
4660 7933
1410 7428
5761 9205
8312 4786
6221 6949
140 1690
531 1228
3196 1113
2596 8489
7806 2081
1671 8996
7898 2460
839 1409
9485 6562
1110 7742
6763 5868
3257 5861
6528 9301
6649 2144
5268 7468
9663 9409
34 3123
4425 2117
4469 3032
7463 262
2914 6307
1965 747
757 7896
103 7265
2904 1940
845 5783
9158 5749
9445 258
3789 4720
237 9741
3198 6288
4807 5066
9059 9026
4603 6984
928 3335
6217 3289
731 9098
3108 9883
4565 4787
5953 664
3999 290
2348 6176
5446 8858
9867 6983
1488 576
4433 6249
6491 4220
2560 6363
5413 9589
6713 2405
6881 4779
8993 1138
1793 2696
9747 6247
1255 7768
98 9856
8024 9313
5934 2686
875 8822
7279 2864
4496 9731
84 6589
1608 9536
5720 7170
143 7691
4490 852
9233 1092
9903 8761
8230 7780
2319 682
4236 4639
7131 1091
56 3494
2029 8299
8479 6113
791 3228
3112 5192
2977 2126
5428 3351
340 7981
2159 3345
6079 1461
3973 7906
5832 3561
6115 1249
2696 5706
28 5859
5253 3437
6789 2814
4367 4288
1260 8676
7448 9506
1317 8845
2358 8779
3095 7010
6626 8649
8755 6983
7726 2192
9477 2198
5649 4779
9848 9228
3874 9379
1313 818
6805 8920
9672 1940
9029 3222
381 8045
3361 8178
2132 5056
7033 5024
7542 7386
906 7421
2679 3440
2573 9035
4364 6025
3566 4424
2618 1437
7320 9807
3382 2831
696 2388
4741 7795
7434 5001
5866 6750
2772 3875
8179 8992
394 8406
7533 9233
3751 8356
8400 9237
4443 6398
7780 5610
8031 2689
1095 3563
6375 1520
3138 5827
5192 6705
6542 7900
7336 4025
6870 1105
7480 734
630 8035
7943 4601
3258 463
624 1367
2601 2537
6377 8636
1481 1608
3625 9057
4549 9377
4487 260
1525 468
94 8681
8572 5570
5621 9652
2774 3215
480 4451
141 1709
5768 9992
4285 3302
7668 480
4218 1151
5732 5435
3591 890
23 9913
2123 5597
5951 8889
9657 3453
1875 8818
1819 7340
635 2903
750 3443
5174 7785
5332 5513
1590 1646
848 4322
9163 1149
9036 6270
3717 1785
6573 8269
9193 7848
229 5732
8653 2813
3987 2102
5841 4846
358 5112
6182 5746
3885 5705
3948 6620
3115 9002
9926 9516
6441 5749
1573 3842
1084 2261
5496 403
7997 6014
8449 8754
3804 7533
3240 779
515 3843
7174 1113
6724 2687
5584 426
4916 678
2211 3490
7320 262
4371 4702
8063 9863
7792 4322
5879 1304
6246 6256
2720 4996
8041 8333
711 7995
457 331
4718 7323
1080 7939
5547 4572
9711 3804
6875 5189
2270 7874
1612 7410
9714 2680
8189 2716
1929 5491
4036 2001
8863 7263
248 3812
3752 328
4095 8958
278 3048
8679 2435
7649 7596
3389 1778
4418 7628
7792 1953
7117 8477
1930 9236
9174 2815
1228 6474
1625 5865
6987 2481
7898 6125
7340 9507
9252 5500
8626 220
5504 57
1316 606
8019 2586
7283 309
2832 7946
1435 3269
6820 2309
167 7349
8976 5878
8253 3282
2652 7996
9127 3585
9638 35
7366 9126
154 9916
8051 6680
2366 9625
7355 3299
4581 2006
2962 5823
6309 2103
2243 4089
1469 1918
7009 8983
9774 1706
3522 1459
2245 6780
6259 8708
5401 7273
135 4475
7035 86
8056 8872
4071 4504
3451 2953
9208 8940
6643 9268
4126 188
1995 7529
3236 2328
6333 9691
314 3499
7197 392
6543 642
2542 5418
2782 3566
7052 7519
6797 9853
7472 9686
4754 7386
659 3648
1489 3262
5903 4591
8146 6705
818 867
5648 6219
500 9051
7826 7164
3173 8870
2460 9007
2494 3434
9723 224
1109 1700
4065 3137
5447 8616
2270 2925
1475 9977
3292 7253
1207 990
1050 808
9567 9208
9943 3631
9698 5311
8848 996
9722 8969
4569 5955
3886 3866
3101 5238
6074 2443
1840 4801
7520 5761
73 4187
8699 6003
4482 750
2550 3301
268 5684
9475 2189
4350 4798
2183 383
6811 8508
7015 4132
889 1000
3847 7934
3100 8047
4515 122
3885 886
7052 7484
7717 3086
8163 7177
2272 7580
9724 8189
4582 3190
8038 9103
8740 7005
3273 8167
4680 2955
5637 2909
3298 2019
3682 1661
512 9754
9974 1271
6349 7185
6306 8058
6158 2993
5320 829
8574 1420
2691 7855
1387 8322
1103 2214
3407 283
9042 1833
835 7310
780 806
1721 303
4924 2959
3636 3736
3825 4901
1295 876
8864 4186
271 6981
7987 9759
3063 6858
6233 4836
4289 218
3767 1384
7754 9516
3211 4596
2955 2761
8229 5888
9216 2089
5683 2857
220 4607
6597 2487
2630 5930
7951 7368
9641 9444
2941 551
2880 4089
453 7521
787 5816
7875 9336
3935 8783
9939 8860
5148 616
6229 3096
5196 2546
7025 9358
158 3854
8835 4053
909 6498
4780 7701
5988 9879
5527 5698
5981 5199
2555 1664
8276 7388
5639 7499
2707 6655
1906 59
2286 7627
911 4313
2162 279
9235 7113
7139 4639
1629 996
1169 7678
5948 6666
5140 8474
8306 5655
1178 1220
5780 8941
1887 4184
8893 1613
946 8205
9959 9459
3221 3077
7462 3659
4392 3241
2055 6103
4695 7152
1469 9850
5305 4917
6806 4106
8014 7299
5098 5526
3569 7688
2451 5409
5661 4809
1431 3575
8405 4311
5227 1592
2399 3564
8962 1465
1357 7591
2689 194
4632 4109
1171 485
4934 3837
3986 4229
9278 9334
3922 6766
4918 3177
5524 317
283 3578
7165 1064
4667 476
5336 6774
3309 3323
274 9946
7312 5230
6364 80
9189 3483
4763 2013
8352 118
2811 5845
2980 3041
9403 9388
8851 4779
8116 2549
6487 2323
1625 4592
4480 732
7346 144
9650 9577
9856 4895
1506 7110
4988 1566
4761 4796
2159 9407
7907 579
6841 6149
2948 3103
2105 4994
1094 6749
5135 9510
7938 7013
5283 6320
558 4795
2104 1306
4613 6054
8837 8339
153 2555
6183 3501
8709 2764
1685 3330
6881 3020
5031 3520
6979 8514
8464 3383
4864 6289
5918 8655
3406 2126
9222 9849
397 5383
2099 6212
7994 3207
7683 780
4060 1157
5874 4858
9458 3174
6773 4189
5772 8058
166 7786
9222 9444
9672 3227
4827 3638
9402 55
4779 4736
5044 7359
2774 5544
9534 1901
9983 4098
4399 139
4647 9699
181 8735
9982 2474
5628 6378
2746 1056
4531 2131
1543 3054
4166 2780
6873 8596
7694 8105
8638 4870
2320 1241
1205 9363
4954 1535
215 8692
8663 8281
2771 4113
1406 2810
333 2567
4506 4515
3614 3402
4434 7473
1280 1959
5023 1382
5163 1866
9797 2088
215 8954
7847 2345
4020 3480
4245 6771
3142 7973
4619 9993
6260 7969
7125 9746
3210 9832
5607 7170
3915 5332
6418 6481
1430 1577
1958 7829
4739 323
5516 9044
8493 2500
5889 5759
7941 1900
573 4148
2320 8432
7669 3611
7121 395
7107 4715
7676 2451
8098 1734
3928 5099
633 9885
2468 8438
2930 8460
3 9863
2651 701
9845 7010
2006 684
5054 5196
6133 1611
4554 8216
91 6597
8984 4736
7211 9167
3569 3814
8738 2963
2460 2015
6802 9879
2279 361
5121 1321
7770 2239
1290 6236
628 2746
4963 8449
209 718
2758 4189
3609 4880
8146 7890
7791 4492
622 5951
2268 3837
9894 7341
3587 5092
689 5560
6998 2682
1483 6705
5592 4740
1943 9799
3589 1293
9429 2785
6772 904
4910 9681
7467 7561
6751 6337
6136 3141
4922 2099
175 3799
5677 6087
9082 7958
9438 8242
5489 5446
3701 2064
5911 3761
3525 7116
7004 8224
7291 2910
3802 6477
3237 5025
7387 8647
951 2476
7625 8773
6976 4564
2319 740
2961 4916
5558 4635
4630 5286
3071 8290
6083 2928
9817 5176
5172 9909
5706 5782
708 9558
8899 5113
5924 2702
9452 1408
9461 4912
4651 1806
3270 3239
7764 4067
1619 2340
9218 9422
1241 1511
6242 5294
9462 8524
9390 2451
5288 6912
5850 6353
1 2005
8850 3640
5770 1534
6609 1587
4832 5609
5185 4128
3073 8154
7287 2840
1918 4936
5613 1214
784 3023
4343 3145
8215 2441
65 3238
9983 2700
6594 5121
5338 5720
6501 7809
1094 7424
2325 9540
1006 9239
260 2961
115 12
5956 8133
5352 8068
6270 3546
4296 6000
5541 9515
6966 540
2603 542
9945 6153
9468 4473
2337 622
7035 3929
6843 5131
9987 278
6428 242
651 8599
9491 2950
1043 7102
3647 5042
1433 896
3914 9489
3473 2422
1308 1127
8265 3766
8962 6516
8798 8464
1029 9424
1531 604
7262 4356
4973 4236
2716 9244
585 613
2783 933
6728 9322
4482 5422
7593 5620
8876 3472
7941 8196
2104 4263
7755 9804
220 782
4343 8515
5030 1438
292 1962
4379 438
7691 6994
1791 5993
7510 8090
3771 6445
8438 7535
635 7336
9469 4285
6788 6277
3464 7459
4996 7495
8542 6258
5310 6361
7248 1946
3885 5044
4244 7914
627 6488
8313 1245
4072 8089
9823 8614
7748 9991
8506 3311
2098 3241
6177 9141
1913 2998
6255 1660
6373 1200
6367 6195
7339 7800
8048 7810
3241 151
3723 292
776 5506
7562 4088
3856 1170
2840 6173
9279 338
492 9577
5976 3016
3317 3814
2880 9920
6862 3503
505 264
1213 5904
9086 4373
3383 1955
2403 8410
4936 4824
7616 5625
7275 9395
9954 2852
3100 2175
3012 64
3155 6446
6548 1801
7332 6181
6291 8373
8314 8499
515 4386
5635 8861
2876 7666
2970 104
5603 7232
8728 3671
255 9659
2996 3691
7077 7142
1959 5222
7982 6621
3790 3610
5303 4934
1716 6079
8123 8812
6641 3537
5730 9026
4682 2317
1033 5365
2025 7912
1715 1043
2206 2465
6503 1728
7162 6569
5569 9125
3582 7746
9069 6382
8535 5405
1437 1260
3739 1341
1169 6603
4061 9536
6496 8584
9506 5338
7335 7293
742 9874
6109 8614
3438 6939
942 2769
3448 5254
2492 537
7073 4617
5056 5448
8463 7094
7878 7944
8376 4296
4020 1536
2433 9582
6464 5894
4870 5844
4186 6526
1871 3621
1007 3139
3230 6007
7431 7751
8703 143
4745 9167
5493 2289
3659 8548
4817 4681
5464 3508
4409 6884
3055 8095
7615 2937
7303 9563
7428 7954
5782 2199
4008 8274
5724 9982
597 1223
4234 8616
8772 4793
197 7087
331 9849
3537 7076
6940 5479
1294 1938
8859 6388
6902 4945
4367 3771
9723 9142
2295 7557
7768 7660
3188 5501
1193 3853
3210 713
6818 8326
8434 8410
4280 9577
9835 1424
5027 9305
7558 973
6995 1707
9732 9478
5320 7224
7632 9238
8452 6471
61 9049
8934 2436
6007 7516
8221 8647
1553 5214
6245 2828
5767 401
5579 8641
6948 8629
6303 6436
4048 332
3578 1446
9620 3361
6682 3836
2604 9794
2490 788
1236 2133
6120 7577
9659 2433
9832 9947
8684 5956
9877 6053
9931 990
1335 2691
3068 2611
6159 6320
291 5949
835 4858
4797 9329
9332 840
9280 217
6227 9284
9670 9518
4222 6723
4706 7666
2610 9526
5420 9593
6257 3058
3213 9582
2828 4437
6592 7381
7443 8932
3778 9493
6549 1172
7192 8763
7376 7759
1847 1945
9390 5771
2917 2334
1212 7996
9111 6303
9340 1164
1292 1571
292 1031
2126 2960
6948 9642
1123 1811
711 5349
872 1323
5861 6122
6349 5396
4019 8431
143 3185
4025 5042
4472 7067
7621 4602
2951 8112
9081 6484
1846 3524
1051 6398
4332 5625
2012 5458
9183 122
138 402
2614 5455
9221 7056
9225 2157
2217 3321
3911 2873
1191 5703
7502 2160
8243 6695
9870 8034
9193 2003
6837 6412
3568 6183
3405 6801
9386 1703
4041 9897
4448 7338
7337 8335
5376 8398
5696 3800
4478 8058
7930 7527
1394 9672
8284 6878
5460 6699
6903 5245
3267 9064
3262 5503
1590 5164
1906 2753
6207 8656
4789 6303
3350 1545
8345 8616
1965 6821
9032 1489
8664 2991
6918 8033
229 331
9670 7943
1481 2217
9626 6439
7352 3021
383 9315
7830 4674
1953 6572
9385 7411
