7094 1796 400
2001 923
5806 907
111 564
922 1761
652 998
1791 654
6379 746
1536 879
2699 687
5423 1479
6477 1136
6394 1088
158 1293
92 517
3867 1123
3913 813
3639 95
3539 571
4346 128
348 498
4997 1001
3862 816
2869 1490
2917 1301
5717 205
1595 713
604 994
6131 1282
5358 1181
5254 733
681 1754
283 924
6845 353
3524 1010
5208 637
1190 688
2976 242
3350 860
1219 1221
6623 1734
6889 1217
4091 82
3308 600
4405 573
1039 1111
6641 1324
4115 1223
1666 1405
2371 1489
1785 887
2764 825
4788 947
1015 1699
100 803
3983 1660
2354 773
2455 92
2230 499
4776 1698
6342 1049
224 393
1290 1208
1164 912
3068 1653
6939 897
7056 1669
1024 623
700 1486
850 841
2336 618
4468 1470
25 578
5913 1579
1568 1489
3525 1449
4876 1560
3256 1105
3093 1344
4546 175
4052 75
4009 451
4586 1029
5564 1090
6358 644
6324 81
5963 667
835 429
4563 79
2388 133
4429 518
3574 1465
48 444
803 1490
6743 153
2632 768
873 1403
3180 1561
5455 914
1954 1756
5774 892
6694 1050
1352 484
2629 517
6784 1332
6569 1468
3574 392
1171 738
2023 125
2568 1175
5503 1292
2679 1692
1177 405
1409 534
4213 993
1317 892
3201 119
5417 246
1915 138
839 1035
930 1345
4868 1362
6407 1070
5815 804
146 1408
4930 900
532 1074
3637 1156
6292 1619
5635 1571
6744 1420
6695 925
492 865
698 69
3214 175
2778 1560
4754 121
7059 161
4426 1291
1771 1451
6620 525
6869 924
1772 1070
127 1317
4584 1383
5886 1540
4194 583
7003 1027
4921 1181
4562 869
986 1582
3136 138
6969 1018
119 1239
3707 1306
1070 351
6572 661
5388 1646
1418 463
1750 131
5925 1734
321 122
1534 1420
6097 1328
2201 344
3712 413
6818 269
2914 1380
5610 865
3901 560
6070 1702
6783 387
3643 1272
3519 174
5491 1421
1725 948
3244 1038
3810 487
1893 84
1555 1600
1013 652
4872 317
6510 1230
61 370
1554 178
2425 1216
6631 554
2169 883
3025 719
206 606
2121 85
2276 464
624 1710
6086 405
7050 1493
3257 315
5309 339
4228 1106
6203 1711
1771 1103
4041 251
4377 464
1398 582
1598 110
5046 364
1783 338
4469 163
3938 631
4003 248
303 676
2884 1540
3162 615
6859 1510
5339 1084
491 102
5686 45
2948 1195
4675 1009
4461 650
2193 1337
2150 1042
5497 1138
4219 57
4423 551
4307 974
1724 919
1008 561
3706 946
3520 703
5814 976
6346 352
2104 441
4497 810
5701 1598
3240 1018
6868 1124
5715 1251
3076 1414
2258 1427
1545 54
1950 1305
5732 277
4632 1084
27 1438
2137 796
1291 1031
1163 887
2962 964
986 1111
1564 1695
999 1149
192 1654
5877 1005
1861 761
1107 1386
1254 782
2370 294
4777 1365
7036 1350
4696 553
2434 1108
3835 1092
4315 809
5484 261
6544 1728
2067 1363
2955 460
4167 640
6810 1410
3986 223
831 452
3027 707
1604 1141
6895 1532
3898 341
270 1542
2683 935
1905 555
6220 763
596 495
3886 30
5548 1600
5546 621
3397 905
1600 1018
3486 148
6266 567
4218 1201
4350 667
4992 111
2328 462
5582 1574
6714 272
983 1079
6586 1170
461 676
3152 543
6136 1279
242 896
2240 1353
6368 264
2349 23
6943 1241
5016 907
6156 849
6002 1251
1830 396
7034 773
5264 518
3668 695
4310 1623
4296 730
4185 615
5885 889
4479 544
896 1489
5752 550
3599 1505
3781 1584
5585 212
2111 625
6682 1254
158 737
3028 1225
4439 983
4575 801
1990 725
3414 646
3131 981
764 690
1290 463
4633 1074
2519 610
4313 691
3619 683
29 1232
4124 624
7047 1081
824 1202
1667 294
841 1220
2759 215
725 501
6033 450
2584 1203
5277 899
5347 232
1636 523
935 1053
4107 963
2915 1272
1134 1139
902 1300
3583 951
2231 1222
47 473
3622 1690
749 1736
6354 155
500 375
1417 1119
3204 1447
3797 235
2052 1467
3468 630
4790 693
832 82
855 452
4757 994
2380 321
1222 893
3707 941
5786 400
6475 1196
2449 624
558 356
4155 449
4785 778
1281 1666
6076 560
5105 738
799 726
1273 933
6157 1401
5139 331
4340 1015
3322 224
64 1724
1782 1249
4725 1575
3038 50
4298 558
3797 761
5445 842
924 1591
4030 1697
6482 1611
2232 1003
6585 584
572 746
6919 881
