1256 4183 400
860 2977
861 2977
862 2977
863 2977
864 2977
865 2977
866 2977
867 2977
868 2977
869 2977
870 2977
871 2977
872 2977
873 2977
874 2977
875 2977
876 2977
877 2977
878 2977
879 2977
880 2977
881 2977
882 2977
883 2977
884 2977
885 2977
886 2977
887 2977
888 2977
889 2977
890 2977
891 2977
892 2977
893 2977
894 2977
895 2977
896 2977
897 2977
898 2977
899 2977
900 2977
901 2977
902 2977
903 2977
904 2977
905 2977
906 2977
907 2977
908 2977
909 2977
910 2977
911 2977
912 2977
913 2977
914 2977
915 2977
916 2977
917 2977
918 2977
919 2977
920 2977
921 2977
922 2977
923 2977
924 2977
925 2977
926 2977
927 2977
928 2977
929 2977
930 2977
931 2977
932 2977
933 2977
934 2977
935 2977
936 2977
937 2977
938 2977
939 2977
940 2977
941 2977
942 2977
943 2977
944 2977
945 2977
946 2977
947 2977
948 2977
949 2977
950 2977
951 2977
952 2977
953 2977
954 2977
955 2977
956 2977
957 2977
958 2977
959 2977
960 2977
961 2977
962 2977
963 2977
964 2977
965 2977
966 2977
967 2977
968 2977
969 2977
970 2977
971 2977
972 2977
973 2977
974 2977
975 2977
976 2977
977 2977
978 2977
979 2977
980 2977
981 2977
982 2977
983 2977
984 2977
985 2977
986 2977
987 2977
988 2977
989 2977
990 2977
991 2977
992 2977
993 2977
994 2977
995 2977
996 2977
997 2977
998 2977
999 2977
1000 2977
1001 2977
1002 2977
1003 2977
1004 2977
1005 2977
1006 2977
1007 2977
1008 2977
1009 2977
1010 2977
1011 2977
1012 2977
1013 2977
1014 2977
1015 2977
1016 2977
1017 2977
1018 2977
1019 2977
1020 2977
1021 2977
1022 2977
1023 2977
1024 2977
1025 2977
1026 2977
1027 2977
1028 2977
1029 2977
1030 2977
1031 2977
1032 2977
1033 2977
1034 2977
1035 2977
1036 2977
1037 2977
1038 2977
1039 2977
1040 2977
1041 2977
1042 2977
1043 2977
1044 2977
1045 2977
1046 2977
1047 2977
1048 2977
1049 2977
1050 2977
1051 2977
1052 2977
1053 2977
1054 2977
1055 2977
1056 2977
1057 2977
1058 2977
1059 2977
860 2977
860 2978
860 2979
860 2980
860 2981
860 2982
860 2983
860 2984
860 2985
860 2986
860 2987
860 2988
860 2989
860 2990
860 2991
860 2992
860 2993
860 2994
860 2995
860 2996
860 2997
860 2998
860 2999
860 3000
860 3001
860 3002
860 3003
860 3004
860 3005
860 3006
860 3007
860 3008
860 3009
860 3010
860 3011
860 3012
860 3013
860 3014
860 3015
860 3016
860 3017
860 3018
860 3019
860 3020
860 3021
860 3022
860 3023
860 3024
860 3025
860 3026
860 3027
860 3028
860 3029
860 3030
860 3031
860 3032
860 3033
860 3034
860 3035
860 3036
860 3037
860 3038
860 3039
860 3040
860 3041
860 3042
860 3043
860 3044
860 3045
860 3046
860 3047
860 3048
860 3049
860 3050
860 3051
860 3052
860 3053
860 3054
860 3055
860 3056
860 3057
860 3058
860 3059
860 3060
860 3061
860 3062
860 3063
860 3064
860 3065
860 3066
860 3067
860 3068
860 3069
860 3070
860 3071
860 3072
860 3073
860 3074
860 3075
860 3076
860 3077
860 3078
860 3079
860 3080
860 3081
860 3082
860 3083
860 3084
860 3085
860 3086
860 3087
860 3088
860 3089
860 3090
860 3091
860 3092
860 3093
860 3094
860 3095
860 3096
860 3097
860 3098
860 3099
860 3100
860 3101
860 3102
860 3103
860 3104
860 3105
860 3106
860 3107
860 3108
860 3109
860 3110
860 3111
860 3112
860 3113
860 3114
860 3115
860 3116
860 3117
860 3118
860 3119
860 3120
860 3121
860 3122
860 3123
860 3124
860 3125
860 3126
860 3127
860 3128
860 3129
860 3130
860 3131
860 3132
860 3133
860 3134
860 3135
860 3136
860 3137
860 3138
860 3139
860 3140
860 3141
860 3142
860 3143
860 3144
860 3145
860 3146
860 3147
860 3148
860 3149
860 3150
860 3151
860 3152
860 3153
860 3154
860 3155
860 3156
860 3157
860 3158
860 3159
860 3160
860 3161
860 3162
860 3163
860 3164
860 3165
860 3166
860 3167
860 3168
860 3169
860 3170
860 3171
860 3172
860 3173
860 3174
860 3175
860 3176
