10000 10000 5000
4833 7454
7210 1937
1673 1908
9283 7748
3698 7668
1658 7763
4196 8594
2050 9581
8733 2324
7077 1573
6456 4366
9129 4792
4244 2771
1464 9616
3094 2419
5828 1577
3073 4769
1437 3715
4014 2915
9498 2468
9173 6592
8988 2069
4065 7412
1218 4704
4498 4239
5107 3693
5995 7716
4948 5247
2255 1921
8389 4882
3856 657
4924 4126
4184 3092
324 7212
453 4705
4233 889
8633 6591
2755 792
9191 4072
5027 3264
9938 1392
1787 7561
5758 1176
1379 437
7981 4887
2190 4054
400 6758
9886 2775
3270 3029
8619 9342
1754 7348
4192 2520
3950 7014
8473 1359
8009 6466
2448 7504
6617 8374
4163 7594
1399 3730
4893 6175
2639 1403
4236 6926
6174 1007
3189 1176
3723 3536
361 2945
6375 3922
9255 7521
2455 5242
1104 1028
358 7367
8007 4976
9268 6863
7698 9982
6421 5869
494 2265
7433 6683
6042 8271
8795 3063
3091 5466
3821 862
7637 6399
8451 6287
8518 1053
6430 2187
777 8781
9633 4612
2332 2964
5351 436
8379 4596
6814 1775
205 9369
6519 670
3725 5924
4991 9226
3759 94
5728 4283
7976 4116
2858 4116
8121 3302
6522 5792
8887 6141
1730 9077
2631 6003
7295 9124
2496 1289
2338 1167
4560 6903
4239 6700
5065 1792
415 6194
6675 1853
5134 8238
1552 8179
701 8371
322 1680
8178 8753
1266 6377
4780 4895
8793 2718
1790 4215
2385 2317
4969 3886
8873 2261
7299 7366
5293 3195
4241 1080
176 3781
2795 7212
3483 4835
4401 3498
9854 364
6859 2849
7161 9481
2824 8391
7797 8789
5310 2696
1796 9642
8892 3367
3196 5235
5878 199
3032 3939
1967 3818
5643 2589
2949 6525
6399 7572
6824 8917
422 9761
8729 8502
5931 8343
5966 2543
4986 7943
6763 9165
2174 9436
9390 6201
5448 9184
3626 4195
6123 7146
4756 112
5600 3185
525 8386
3408 4582
6991 8542
3811 3808
9699 1715
3149 8867
6270 6307
7567 2401
9670 572
149 7118
3855 8724
1571 3161
471 6235
3774 1218
7289 5433
8204 4558
7262 2298
5491 217
8887 1705
1396 4251
5567 3604
2773 7538
4468 7935
9745 677
109 2865
4927 8465
1314 8469
6242 2817
8006 5
4602 9583
8595 7943
9790 9738
1773 4406
3963 8202
5970 3032
3921 9219
5122 3514
4013 5613
1570 9041
7820 8469
187 1964
7054 2337
7471 8766
1337 6825
2960 807
1074 1958
6570 33
7547 2668
7562 7726
6668 4744
7711 4582
2239 8784
5106 1045
6872 1081
335 1145
5409 9594
2572 9277
8712 9872
4342 3639
2105 2861
9160 1889
3208 7435
1559 5658
2926 3644
3651 1657
8861 9700
9389 1415
6435 3100
7710 400
2939 6674
9501 4589
7672 4795
3670 4129
9009 7769
2233 9027
2803 6910
1721 2164
620 3051
575 6970
9667 4853
4879 8804
8310 2537
4995 7054
1680 6053
1817 3378
7216 6316
8829 6864
4240 7240
8254 3179
252 530
3144 3471
2697 1549
4833 8546
9387 8304
8024 5164
4578 8314
3571 4055
4754 9483
693 6609
4701 5454
2778 9588
6257 9877
9028 9026
958 3873
3087 1934
5616 4276
2389 2334
7827 2214
7990 3979
413 3026
8330 733
7210 6539
3160 4909
6915 7714
6205 4893
9261 438
6742 2227
3931 2553
7349 7435
6883 5086
4533 2479
1483 3154
8530 1346
861 1095
3740 9891
6325 8583
5477 6958
3878 6107
1804 6500
4493 4891
6835 467
2582 398
6116 6826
4243 7152
492 8621
5077 2775
5310 9967
7632 3555
2819 2114
8905 4548
4323 3328
2988 2854
3147 6635
1295 848
6451 8342
2122 4160
3170 2105
6706 1847
4882 4145
2868 6594
6838 7537
4557 4379
6430 8676
8942 8655
9802 1501
8484 7952
974 9262
8690 5623
8174 2547
5277 4712
5467 6311
8401 6442
4491 1376
6449 4265
2260 4392
1039 4113
442 3029
31 423
7771 4728
2452 9660
3567 2809
1884 6566
4444 4407
5804 1173
2116 535
2276 8833
293 8508
1118 4095
6145 929
3007 8544
7805 9709
5228 691
2688 6011
2989 5842
8067 8011
4921 2647
2504 2958
7826 281
3789 8298
4325 4933
3425 6228
8875 8819
8804 9121
9445 1356
2577 4194
218 9604
7909 5154
3595 456
5201 7153
4723 8710
5098 5436
1701 8231
9098 4620
8973 8266
2054 3031
9846 4670
7342 7214
3017 1107
1927 670
2223 7314
9781 7937
934 786
2708 3337
2964 183
1982 6756
7842 4289
326 1503
5880 2269
8329 8661
7494 1811
576 8811
8947 1773
7835 7918
3664 1708
3044 7851
3566 7471
8358 4478
5737 7689
2273 5525
6876 2044
7896 4363
8044 4582
7260 9672
3135 3455
4657 3547
1966 7542
9272 3365
2052 8330
5815 9947
1088 4906
2675 8791
6021 4371
7044 7422
6831 149
520 4356
6117 30
2251 7017
3753 8322
8727 7267
2089 6066
9286 5204
8922 3025
6038 2530
5955 4968
517 1882
9669 3489
8682 5887
2406 6833
1944 6975
4949 4027
1015 9569
2653 4212
9524 6035
9141 3596
2629 4331
198 2114
2333 2036
5471 3779
5149 9544
978 7630
4239 634
7799 6148
3489 2992
1787 2954
9825 6355
5799 1682
4271 5057
1961 527
731 5714
4101 7667
6570 6393
2922 1881
8807 7169
6220 4506
5251 5385
6038 1364
5795 9500
3932 9868
9395 680
920 4515
2733 3015
3810 5815
6941 9573
8231 9658
5778 2852
1002 7220
7083 2430
4030 8701
5898 1707
1158 2161
5020 2255
9957 5289
8912 746
887 158
1265 4013
8621 1553
7968 9610
2386 4661
4704 3010
732 9497
1255 7258
8235 1048
3107 6963
2300 3246
6356 8879
7732 5835
12 3312
1233 6378
9609 5515
7015 1562
4319 7331
318 8321
5576 7623
5532 6758
2748 2138
260 1010
2783 8792
9076 703
8045 429
4028 1503
888 8814
7913 6799
5026 6136
9823 1610
5827 134
4839 6225
1117 3149
3544 6142
4630 658
4205 3246
2072 7394
6334 6306
3418 1115
7731 9587
5155 4458
1910 2425
973 9458
1143 8778
2842 9804
4712 7887
7029 8059
8157 930
1313 6153
9694 245
5674 4198
1519 3614
742 3747
294 5809
1302 3430
8520 1502
6650 9479
439 6603
9025 6660
3860 3962
3333 9673
6614 3282
6639 9513
6978 8181
2558 9169
6658 8509
9200 9944
4570 2950
700 9568
8007 5341
3512 7603
4639 1514
5587 9385
4580 1350
7046 4848
4036 2229
9484 7560
4369 6575
5007 9317
50 6430
5685 5543
6812 9968
184 2665
9790 7183
4427 9216
7105 5350
5147 889
5289 5704
2064 2338
9665 3764
9117 6451
9494 7052
497 2316
9664 7434
3188 4563
3439 7171
1602 9731
1000 409
2002 2269
8233 8883
3948 1182
6628 5379
2637 1786
2732 6668
9444 4558
1167 1637
917 3998
4330 6322
1152 1824
1450 7927
7448 7637
7528 8740
6731 8979
3737 1541
497 5178
6331 1042
2781 8471
4775 8226
8591 2693
8022 6639
9798 6741
1669 657
36 1915
52 365
4427 9042
6024 8504
547 1231
7303 8278
456 7275
794 6091
6267 6623
7894 4020
3276 6100
8494 5224
8042 8921
6616 7711
2143 5932
4048 9529
8740 2141
7705 6157
966 5910
2119 8313
3200 8209
8175 9805
9158 7433
1596 6985
6114 6031
5726 4412
964 4036
5644 3839
3061 6435
1663 6494
847 7361
4683 2811
8488 8778
5878 4940
1756 8261
7561 9402
2837 9060
2052 6340
6126 1303
1917 8412
1948 9526
2614 3779
774 5585
4433 7667
1612 7545
995 7385
3565 3809
4548 3683
9289 4188
7456 8979
8679 9717
1636 9589
9346 6606
8389 6581
3527 5792
6312 4865
7234 4083
7533 2741
2397 6473
9850 507
1186 4248
4559 3063
4479 9771
5318 6598
1986 9499
7476 2220
6711 7956
4664 6365
8894 994
5530 2337
9438 5752
8499 2648
2148 3168
4531 6448
8993 921
4068 7306
3407 4147
926 5678
7403 2673
7607 9639
4361 6097
1388 7833
1306 2880
1629 6555
3118 8279
1328 6997
143 4788
1254 471
4317 1236
1948 1705
6737 1145
9438 9514
55 7514
466 7753
1238 2048
649 4992
5206 3319
1512 9138
5485 9659
2301 7603
6690 9135
3791 1468
5874 6297
2838 1220
6507 9195
3990 6747
5760 9916
7950 691
9925 2999
7151 7588
7385 3544
6565 2269
8877 6191
4778 5228
3515 2600
1006 3117
1570 206
9959 1382
2707 6044
9169 5333
5356 2686
3120 6507
3291 4057
8902 4937
6576 3084
1250 3272
8194 7856
1273 3872
2004 9341
4316 1771
2502 9710
8007 902
7837 9559
9731 8026
6236 4436
1087 4332
1269 8965
1093 1782
6696 7418
7830 4928
9873 8249
3150 9136
2767 7812
231 8806
3303 4380
7254 8965
8485 2939
3130 9628
9422 8587
6233 7097
6878 4966
6077 8891
4994 2443
5778 5646
8114 5710
7941 841
8741 6584
2851 5908
1949 8206
1541 7038
3596 5694
8161 9725
7231 4099
9148 9255
2997 6550
514 9622
9491 5996
2532 846
834 6724
2445 3165
5086 5503
2724 1905
2715 6685
1272 6268
6808 4787
7765 5468
4385 7643
1862 1088
5382 3162
5794 4693
8221 3287
2993 7481
1613 1587
7988 3260
9155 7390
4540 7824
8865 8651
1510 7702
8206 67
1055 3239
6767 6628
4258 459
4055 438
7231 3844
5093 850
802 3502
5500 7197
8189 9392
6630 2459
8802 1371
3300 236
7944 339
1903 9436
9024 4864
1143 940
6528 8904
4498 7155
2916 510
408 9357
4104 3695
7769 2926
9389 3271
1293 6631
1601 8994
2515 2054
389 7451
9370 4103
2398 577
4518 7074
6277 5896
5506 8104
5242 5242
8621 6771
7542 4238
6309 1393
6717 7981
7994 5734
2903 3829
7082 4021
6321 4734
2811 739
4225 9789
261 2779
5080 6166
9472 361
8901 895
7928 356
4861 3973
4778 3439
6955 2832
2084 2342
3063 8017
5657 5627
7884 9998
8522 6472
176 6306
7731 3135
2902 5132
5403 7828
9842 2097
9341 4456
5034 4076
5443 6956
9220 5305
4865 6114
851 9971
5413 8059
9954 4636
8764 8894
87 9036
3552 7246
400 5697
1601 9492
1857 8225
5044 4066
8612 4133
9589 4815
3372 326
9700 2447
1337 2992
7571 3422
3563 4659
6018 1590
4343 8675
2719 9870
3596 8419
1188 1158
446 9378
6075 404
5509 6378
1149 8902
6458 9653
979 8196
9791 1381
8456 2472
8221 7792
1282 2945
4117 6751
5299 2150
2591 5888
8486 3313
6660 1335
6438 698
5439 8336
977 1138
4852 4137
3268 8645
6989 5085
6389 9369
4652 9353
3035 1629
9358 2560
7716 9851
9225 4789
4332 814
4175 340
99 5954
2235 3689
3205 9964
5279 3811
36 943
7702 984
6439 6528
7798 9455
8873 4353
587 2368
6712 1918
8153 5373
6637 1797
5801 5725
1322 964
9022 1708
9186 3263
4650 2637
8511 2318
4289 3607
4798 328
2874 6946
1218 4911
1238 3169
5711 2352
376 5274
7814 5838
9702 3851
8655 8269
6739 6104
6708 7227
3531 7944
1001 3190
8654 5824
6435 3625
2045 6950
8031 1094
2663 4593
9875 2186
302 176
3766 1850
7912 9752
402 956
6853 8135
5794 3991
1832 7621
9499 5040
3182 3067
158 2469
220 7029
6372 1963
7590 4079
3982 5013
7832 7477
4023 7869
6928 3080
4946 4600
8735 4832
9431 9870
3207 3298
4592 6675
4958 5168
8632 1034
2195 2738
4503 2433
340 6795
7208 9751
2836 4847
6819 4654
9110 1282
4528 9917
3101 6851
7023 7331
2549 2914
4210 2965
4982 1874
892 6770
1111 7329
358 8157
6656 2178
7826 444
5872 1216
3858 4596
9339 137
8979 5726
3838 9915
7731 4955
9770 7102
8218 8452
8711 7588
5515 6387
1504 1830
8249 4194
8788 2450
5019 8312
7208 4461
8136 1885
83 3679
3549 5061
8954 6510
3889 1205
2801 9836
3987 5411
1243 5847
5966 100
6989 6744
1473 1214
9843 6698
5371 705
6121 8541
5166 4198
478 843
6009 6972
6610 6111
135 2605
8613 3387
6490 6952
1025 4125
5224 1381
5147 391
9962 1374
6825 2782
9306 9469
798 2633
658 3074
9298 7483
634 1612
1777 4495
5030 6732
2915 8691
7367 3289
1682 1052
6073 1576
4387 8237
5768 4612
9796 8375
7748 8845
7406 3028
1705 1863
8480 784
7460 2506
5256 2948
3763 3818
8435 2881
608 9637
9089 1447
4788 9028
2836 9268
6942 7544
4027 8598
3981 9561
7560 8396
4128 1652
7961 3142
1732 2334
3336 8538
2074 701
5331 5201
9683 8236
4864 195
2130 2340
2778 1973
5703 3460
2222 9662
4542 5598
4984 517
2873 9325
1403 6548
3711 10000
9583 1151
8006 3342
6006 6685
2767 8779
640 7503
7627 1127
5279 6600
1117 4419
8583 9096
8777 9472
6053 4606
8384 6571
9722 5346
8119 6018
973 118
5694 5892
6856 9488
7588 6727
6302 6279
5192 3831
2314 7377
1920 4413
849 4035
5533 5975
3543 3534
4517 4682
4328 125
1646 7257
9020 3016
9744 4728
972 507
6882 4954
7461 832
2811 1250
5653 5513
6237 9619
3537 5947
9859 2375
2765 4339
4327 9750
9193 127
7506 1143
1074 2204
3832 503
7879 4808
6711 7339
2292 1135
9822 7123
7201 1778
2304 7525
5339 3787
2993 3291
2610 836
7243 3896
4569 9686
2380 15
4496 8670
3187 4410
2852 6578
2469 486
7678 2834
3932 3215
2206 7803
4889 7164
8130 7827
2879 5834
6649 1471
1314 8226
7336 6125
9581 8134
9251 1844
9230 6396
5301 428
501 2314
6612 6453
2833 8428
2692 4689
2576 8876
4686 4065
9353 9564
6971 8112
2586 2657
5904 2739
8597 2889
6982 1416
3810 4027
5519 2525
9917 1767
1571 1131
364 7057
2206 1172
8703 3409
4111 277
3342 1626
8764 3759
6465 7799
2385 6473
2736 3019
7976 3793
3626 8483
6585 4727
1970 3592
1593 4030
5891 5613
3594 4893
7551 4104
9435 1488
2091 9963
2510 4999
4716 2851
2365 6701
18 3636
2396 5823
7456 9014
606 8617
1806 3656
4508 780
1461 8116
8071 8237
9669 7458
9176 7978
2252 1968
2938 86
9447 5199
2404 411
4191 4163
1814 4920
243 6554
732 9796
1144 4132
3189 8172
8919 4363
6502 6786
1606 7286
7647 6569
1058 5810
8073 5731
2945 4894
1456 5280
2924 9518
102 506
1237 5323
6150 7148
1099 3962
8572 9204
7680 3835
8649 5258
9364 8640
7613 8278
7866 116
3254 5868
6814 6355
2742 2498
3852 565
7599 324
3080 6700
9574 1387
7262 6908
8832 2179
8922 3728
2509 824
1343 3866
5509 8454
5445 5742
7672 3178
5607 5972
2803 7380
9956 5752
3954 7410
9180 64
3933 6307
1544 2583
4211 3348
2059 2056
3191 3165
3273 1349
1665 3602
2279 5072
9815 7446
5333 4139
9283 8255
6150 2118
3029 4250
5405 3393
6042 572
1803 9701
177 950
8769 6315
7039 8535
6119 3765
9686 9595
7546 183
7021 6314
7367 1365
1577 2996
9665 4685
7740 8289
5565 7432
961 3890
2160 4771
3635 9171
5455 989
1136 983
781 9580
5737 814
1300 4122
2167 5001
1064 7567
4368 4206
7897 6530
9248 3154
3724 176
4049 6193
44 988
6697 4038
7568 5972
2140 862
2285 7699
8471 8495
5868 7870
5555 8494
9152 1583
1066 933
3196 3426
8746 3060
8068 8513
9733 4481
2147 274
5857 8874
6193 4917
7594 9775
8599 7933
451 9213
3127 1299
267 2955
7453 1802
2124 5067
5101 1582
1605 3972
4157 6549
2420 3352
326 6599
4936 3857
9347 7894
3287 1429
6292 7218
2998 5794
5102 5426
55 5219
9734 1417
5366 5276
3557 4905
2676 5822
8048 5231
8238 2917
3878 4338
8841 9763
7517 2279
7923 739
6583 6090
4208 7150
7494 5580
1309 794
1362 8070
4947 6631
3827 2389
2317 130
2241 780
6515 749
6916 9415
71 1351
3027 943
1858 8310
2361 7585
868 5026
680 3761
9221 5042
8640 4703
4165 2955
6275 4229
7577 4604
2076 2151
2954 7772
7097 4589
7830 6893
1904 2218
2762 9657
6031 8820
1240 5141
129 4249
8934 5667
5146 9602
1664 9898
7025 7122
2151 9230
8971 4762
4763 9952
9756 7320
858 6383
2604 2254
966 5842
1615 9522
7149 8012
8449 9604
3141 9671
7251 6961
4544 9246
2355 9688
7673 8200
1212 6133
708 7451
3958 9522
5735 5442
8770 9672
5656 2069
465 263
7005 7320
7815 7562
8199 925
685 8183
4418 7411
2570 275
2110 6237
5726 5460
9822 7507
923 989
5629 9730
9485 5272
4548 4123
8323 1995
5178 3561
5336 4342
1232 580
4260 3242
9028 9540
9719 7557
8573 8706
3761 1107
2121 7619
1973 6315
1162 1782
2305 7497
9746 3391
2075 7148
6849 5809
1957 4480
438 6359
6661 6623
7725 742
275 1673
6280 7077
2590 2708
9564 1778
9039 5915
1255 483
9795 249
5615 3035
7724 7783
9682 1594
7052 2571
4468 7456
921 7585
9217 2571
1824 5123
5515 7856
2339 3416
2351 595
4522 8438
6260 4183
5866 9002
2656 7514
9675 7349
3839 6176
4003 8295
7303 2542
3958 5734
5254 3921
6673 1698
4727 9775
8393 1749
9693 7360
6140 566
8483 3216
1719 4412
3696 8441
5650 7063
424 8786
9041 4924
1147 1106
6542 1904
6443 9645
6099 1256
1681 4950
6827 2275
9690 1968
6598 3462
1111 5465
4985 7311
3867 1514
5390 2628
5538 3039
8591 7904
9175 8980
9536 9228
4564 7238
1985 5730
7404 9034
2975 5434
6485 9012
8030 5736
7750 8618
7883 3292
6943 702
5522 277
4181 8719
3883 9631
2443 2848
7963 8866
8226 8715
7626 2078
3839 4973
1946 6710
3684 9875
7610 8931
4091 1220
2474 4864
4585 9635
5288 3291
9206 1495
8490 4761
3973 7909
836 8648
4803 795
1530 9152
251 2988
713 7965
7454 4391
1873 1304
5678 1383
2001 3074
8448 1752
3563 6863
29 954
3405 9609
3913 6153
3850 2679
6375 2321
2221 920
6507 4830
3953 9934
7909 3725
72 6840
1785 6733
5114 478
2912 785
5007 6615
7602 1805
2337 240
4078 8105
3965 9936
2501 2823
5112 1232
1214 5277
5668 3863
9772 4849
2035 8654
8345 4795
435 4972
5636 9575
430 2441
7728 2841
52 1327
115 893
1814 3389
3628 3162
3327 8757
2656 1989
8278 286
3998 7314
6303 7964
2346 2651
2503 1042
716 8980
1842 8117
911 2994
1439 7923
6698 6067
4976 2349
2592 5192
6175 2494
7085 8927
3732 1332
8201 5215
8025 4844
9131 8271
9439 7903
6372 6670
6752 257
8685 3129
1102 23
6812 8018
6423 3710
9274 6278
1441 6274
760 7940
3886 4615
9795 4773
2056 6268
5454 6071
5358 6145
8190 6269
4030 751
5476 2420
5679 853
324 3120
130 600
4981 2799
1342 9349
2152 6827
8692 334
3842 4057
3658 9934
5580 3934
1120 9041
1516 3493
2331 6743
7503 1194
5023 2017
8907 2926
2575 8856
8294 9024
7379 721
1580 2356
9645 5763
1876 4894
9929 2663
7374 7592
2857 7985
9837 6923
3968 8110
9070 7976
7551 1826
3566 2633
7615 881
6832 5651
9500 7283
5737 4608
8384 7685
312 5635
6412 9853
1734 8226
6003 1004
580 420
1650 1780
6464 9618
7885 246
876 1105
8086 5970
3304 7323
5381 1406
937 4884
4990 5054
4603 3266
4368 9111
5299 1423
7850 9150
4750 9810
8608 6495
1585 1780
3624 8013
880 8212
2973 4216
6665 2358
9141 2300
1326 5527
1409 4060
9059 3514
3290 7624
4813 284
5750 4759
9387 6290
5309 4818
1844 4913
8636 6137
9557 4469
2993 4404
1536 6039
9225 3230
2960 9456
3464 1083
4039 2742
141 3220
9047 7032
9923 1420
3793 6354
9388 2009
4631 8758
1987 1296
6753 9993
2258 710
9768 4634
8317 9600
4044 8494
3231 7303
3406 9302
2585 6872
2673 809
2382 2514
7760 1127
3901 1247
3949 3810
5415 8535
441 1823
2705 3053
1455 4567
4352 8177
624 4791
9593 888
9026 7874
7482 0
5729 4504
7562 9761
309 7332
2423 7077
3788 4428
9470 1802
1411 1899
9541 4503
3341 2131
2058 1076
6540 8492
428 4848
5289 6424
3937 2158
5213 4718
7621 5318
992 6637
9069 6645
3240 2297
7866 8240
4298 2222
474 6098
5014 9568
8301 8537
8796 336
4127 7611
3737 4825
4902 380
6623 216
6080 6786
5973 4488
4150 8299
8833 497
8019 5661
3987 799
9402 8830
5216 3486
1291 7093
6661 6903
8406 5121
5889 6626
6840 1658
2514 9877
2120 3064
7722 3218
3159 6206
6303 7514
1804 7814
6618 3228
4826 2964
9258 9200
1859 8446
3406 3876
3111 7983
2552 1837
2146 6123
3970 2084
1209 9182
9187 6833
560 508
3986 8550
7887 9465
1299 5690
1013 6862
6435 4796
4271 1357
8416 9884
3648 4792
9856 8336
5443 401
4868 9666
2620 3521
234 4530
3109 2274
7505 6599
2854 3204
9338 5341
7823 7265
687 3394
259 6908
5001 2949
5196 6157
456 9772
518 9309
5792 877
9223 3592
7467 8215
7896 8945
2667 3795
739 7735
5804 2790
7325 3376
3982 9214
1900 9522
3663 7262
7199 8240
7881 3809
8524 5535
2044 1854
8270 2917
8414 3254
1763 919
2754 5850
7187 4233
6891 9396
7427 9651
9185 2660
9572 1391
3545 3462
4444 7736
2698 1993
5786 1104
2276 4265
8299 9696
8823 6613
2733 5267
3801 6388
4676 7796
5385 3757
7566 5320
9953 3721
1907 1394
2127 396
3152 707
7351 290
5410 9415
9473 7192
4636 5905
8062 2259
945 3378
8496 2673
1373 1747
9145 35
3318 9063
5382 920
52 7972
1379 5611
6342 5833
5437 1116
8033 6470
8790 9855
7700 343
3626 5984
1213 8648
7679 2501
4510 3981
5059 9517
3128 8589
8171 2718
9975 246
900 2907
4115 8478
2670 4987
5633 9143
3117 9111
3542 8476
2253 5638
7205 4572
568 388
2560 1379
4678 6979
1214 4073
3696 3856
8430 1344
8408 278
4674 6317
5814 6622
2251 3
8883 4878
2572 1376
7485 5917
7074 1120
7843 5506
2277 805
1337 1586
9523 9407
3987 9569
4879 5099
4073 9074
7173 8671
5996 3318
1988 3252
7896 8529
4818 189
8717 1322
8317 9005
5810 6944
3869 4382
7289 2298
7470 2457
9193 1317
2563 7206
2319 4361
5780 9555
4460 2722
2562 6242
3281 3577
6516 577
1555 5629
944 7916
3515 9839
8130 7856
9599 6593
5908 5524
8886 6376
1025 4357
7238 8180
4015 8347
678 5188
4330 609
4643 1790
3975 2695
4593 7864
5920 4096
3276 9778
4756 3736
3577 1747
8964 3335
4014 9803
8173 991
2891 2351
3365 3917
9626 3382
335 1108
5145 9854
2896 2421
617 5778
884 2686
1822 2433
2815 5649
9166 5960
6072 8596
8824 8467
490 6494
6124 2102
1025 4163
1483 7721
4586 9424
8889 6238
8903 867
6 2529
9977 2611
6058 2745
9337 645
1267 8102
229 1897
7049 5055
3116 3098
2807 2043
49 2924
5855 4967
579 3599
1846 6524
4892 2582
9236 7570
4155 1781
5007 5518
499 10000
100 8707
3822 7252
3573 5687
4981 2978
6055 7766
729 7239
462 628
1944 3410
2986 5478
5503 5435
7515 86
9940 3366
8286 3646
8439 1766
1118 2860
864 1096
5978 2111
3127 3930
488 4473
1749 2638
101 7867
4549 874
9248 3677
8851 8295
450 8247
7820 1022
7288 3961
6435 970
5648 2561
3028 6896
7153 3392
214 5682
3718 7091
7226 1106
124 9599
1302 6586
1182 9397
2160 2747
490 3474
4405 932
4491 9113
7165 548
6512 4048
6547 8984
5939 3840
9457 3874
1625 4281
2763 9677
5967 1107
7994 371
525 8729
7940 1076
6694 2670
4783 7435
5546 1279
2061 2780
3709 7531
6453 6238
9469 8982
8351 6958
8603 3352
6738 893
8920 981
5684 422
1284 9576
7572 843
805 6133
4904 6138
9666 4134
5871 3342
8918 7290
2765 2164
2262 3250
9862 7495
8789 1847
5036 9589
9190 2206
3681 8193
2781 465
9522 1050
2122 9509
5536 5600
4842 515
3134 3581
2333 7058
2248 7197
6554 8012
5155 276
8058 7885
2677 6130
2646 6373
4817 6281
1211 8371
2199 2769
5865 8716
2220 9969
8671 2236
706 6516
4674 6976
2687 6783
392 9189
2031 1954
393 9287
547 5246
30 5170
5561 172
8544 7110
4937 7016
4868 1927
5286 6257
3740 4376
9196 1099
3400 5277
9720 2323
605 7300
5157 8653
5042 7312
3334 2996
3914 7168
9106 7191
8365 1900
7781 7663
5336 2851
2581 7110
2322 7576
1170 5964
7945 107
8600 2973
6297 8790
9502 8321
7770 2509
5900 5914
899 209
3201 2431
2866 1167
6174 4683
289 1094
1780 3716
8615 6201
9709 4785
7613 1079
1711 4733
1763 587
8666 4318
668 1585
8178 5701
7031 5898
538 3582
1397 2769
6063 499
6852 780
3822 5768
5509 1619
2163 1878
688 5175
7824 3167
8659 8697
2511 4473
7263 5261
5126 2926
8282 9253
5786 733
7441 860
5480 3656
5135 5229
1437 5869
5234 7471
3482 2296
8405 9359
5700 1789
2954 9607
9844 9804
8629 1638
4256 2214
7349 4307
6151 7013
712 326
1815 8513
5331 6227
3587 9169
4900 6688
9613 2754
184 694
460 9941
2599 8111
8038 6281
5602 6122
777 3435
1109 5894
2558 2565
2077 3098
247 5381
4987 1354
1053 4664
8670 4237
7304 6472
171 6022
2822 9848
7225 1286
4138 6684
5018 7380
8842 1380
7949 7675
6680 337
5418 8002
8223 5554
9658 4412
9089 2614
7270 3242
585 5276
5782 8519
5702 6668
3320 749
1086 8621
2781 6292
8221 1145
9058 3197
667 4469
6948 6660
6109 3838
6231 4054
8028 8189
564 8596
6736 5133
4449 385
7409 1780
5682 6768
2178 6850
2111 2384
6516 4405
3606 8844
9151 462
5650 3281
6064 5695
9271 3366
599 7357
4188 2033
2025 5054
2438 3996
5961 1035
6035 7746
2332 5001
3658 5632
2936 7054
3225 5395
1569 7737
8584 9609
9582 5684
5082 141
4789 9381
1592 5155
4661 9517
5735 3579
2781 1296
9509 5087
602 7604
4314 2226
8479 3066
874 7714
5827 4164
5449 3823
2856 6487
5955 6872
3802 6534
8166 6868
3181 9887
2022 8004
2701 825
6714 2488
2994 5403
7449 7922
7334 6315
81 9968
9245 6722
2145 4153
3378 14
7536 4997
655 7767
1432 8141
9016 739
4288 7640
5154 7844
3988 7564
8619 4524
8794 8335
3805 5025
2234 6481
4769 8861
9150 478
5882 6610
4606 6829
25 227
4111 7229
4090 6949
1248 2348
3031 4939
9827 5026
5855 8178
8803 1948
3959 64
3794 8433
5051 8897
3163 8975
4044 1824
5182 863
688 3533
8960 3432
2821 2899
1949 7848
4836 7584
2118 818
2980 1155
3414 7701
5764 8541
190 5690
223 9470
7351 6561
5719 7140
9572 7365
7778 810
5932 8
2299 486
8243 2941
7922 3003
7185 8403
3328 3319
2234 3761
4228 8454
8125 2922
5218 5882
1746 4746
9349 1217
1607 6392
4081 6773
3990 1200
7910 4739
5146 7612
1505 968
7034 8839
9995 9457
9128 6466
3925 6858
9329 2426
5660 390
4676 7078
3626 8975
9932 8660
4830 29
6592 2074
6048 6797
212 4891
6123 2934
2380 9224
6081 4646
2089 761
4988 9648
1787 1451
6577 8326
5542 5339
1029 1950
6124 6239
4440 4766
202 369
4528 9139
1537 9848
5645 7827
255 9009
8433 879
2592 9454
383 7133
9879 8899
6255 6420
7355 7167
8771 836
3573 9940
8952 1221
95 4182
2579 128
2381 5314
3520 1699
3059 8538
5044 649
105 6222
9735 7604
1051 8793
8900 2564
3775 6720
2000 1400
5313 9033
8746 3247
4422 7118
6546 5110
3083 4700
6585 1215
4205 9992
2204 1890
7307 5325
5328 4737
1972 5966
2139 3141
7541 5394
1503 1101
5037 4797
2877 5772
8658 5834
6889 8542
4541 6263
6155 94
9429 3642
970 252
198 6038
4670 7991
8278 4838
9366 9891
9079 2383
4948 1720
2857 9892
3311 7318
913 2644
8747 7092
1772 1752
1025 3312
3674 4635
9597 339
3178 3046
5127 3568
6375 9289
7472 7601
5852 6986
2676 2687
2720 4075
3821 9886
5056 3969
5451 6779
6052 5094
5456 3459
1798 8814
5831 965
8203 5776
1375 972
3393 7442
8423 9140
376 8459
7330 4896
2004 2598
7246 9230
1083 8165
3294 3254
3927 401
961 8934
4366 5799
4990 9864
8466 896
1199 6233
1309 6400
4921 8769
2476 6368
4797 4954
7743 1910
385 5644
2496 7109
3203 1925
7581 8668
2546 9072
5668 4036
5513 4141
2248 785
4304 8852
5810 6318
88 7876
7866 2657
8655 6508
3529 6849
3461 9060
9974 5266
5358 4289
65 7859
9175 3024
9704 7602
1226 3278
1100 1819
2282 478
6472 43
4797 1642
7580 2924
6665 3306
3276 4228
533 8894
565 8153
898 9174
5337 8572
1124 9671
2879 1464
3087 3632
4590 3227
6630 6247
6381 5652
8630 1941
4128 7503
3675 4761
7302 8338
5702 127
4564 6667
5610 6171
3337 5183
2454 7960
8039 3745
3603 1263
5958 267
5611 8767
2471 1979
9922 409
4157 2194
8113 283
742 6501
1925 3397
205 2664
8865 1215
9986 9701
4160 9770
4419 4026
1509 9220
502 4380
6698 2867
7800 3636
1695 1230
4372 8373
5462 2269
6667 2664
2717 3301
6371 8750
6522 9901
2712 9453
5061 3214
8145 2091
5835 6528
9995 3964
9558 1735
9682 1591
2011 7619
8352 8234
211 9815
9397 4177
2876 6072
3794 9899
3398 6518
6569 96
4532 4734
6237 4843
5927 3470
8380 2258
1586 7990
5071 3041
5358 465
6106 8954
2021 4253
1680 7489
9726 2525
2310 4422
2188 2449
7066 1250
7901 149
7655 9614
102 4358
6253 5503
1713 7586
9753 3705
7610 5023
6111 8770
3178 7438
4512 7988
4704 8437
2586 3874
9853 2524
810 1385
5461 7646
1276 7013
8496 9100
1937 9104
6221 2535
4420 4190
4423 9110
9728 9973
5027 2642
6429 4134
8802 1182
854 9268
2971 2889
8906 5518
3735 8648
1183 4938
7950 3756
2409 1203
2110 5012
8982 8941
5889 8243
2290 6833
6671 8285
1206 4003
3193 6560
1427 8787
5415 9231
7614 1957
995 1362
1483 899
7535 9285
2766 1065
7492 7326
1061 8530
5262 463
5105 5532
4089 1033
2577 2226
4127 1711
2715 4207
9546 7867
8139 3141
9450 8344
1897 9966
6001 1009
867 2836
6890 7363
1867 2930
1988 4992
3006 8169
9532 3328
578 8484
6268 6317
3987 1005
4015 3294
2609 7590
5832 1515
8612 6152
3484 741
6690 8302
2277 6799
4740 9547
2600 4021
464 4138
142 5417
4293 6079
7265 1000
6949 6055
3537 124
9657 9537
1768 3814
102 3026
9905 3434
2072 7478
4844 262
3740 4331
5109 5085
1568 5521
1021 2847
8552 5807
6968 434
8091 4163
3 3750
1715 1055
9997 644
3572 1885
8945 2955
1730 9497
2711 853
3687 763
3898 9030
1634 2234
9146 88
9635 4160
3881 6254
7556 200
2378 9541
4738 2830
4560 1533
7479 1781
3308 3597
4189 9656
9535 4196
953 7821
3900 3837
7058 9392
603 6632
3857 2986
9926 4719
8722 4208
1163 8314
800 8193
842 3776
6733 9827
4191 7223
5123 7554
5505 7703
1694 6076
8534 3205
4869 2938
4363 3609
5044 5758
9769 380
9598 2708
1426 5499
7482 5821
3486 9415
5317 8171
5761 2898
6491 9780
5870 9693
4789 6569
902 2602
4550 7334
1837 9837
1656 2784
1618 7049
2891 3006
6478 2327
3005 2188
5983 9931
5348 5071
4409 4721
4904 3470
8665 5013
6018 4899
8970 2339
3360 2275
5133 5479
6002 3419
4226 3647
532 5335
4823 817
1516 8340
8762 4801
4339 3859
9641 6329
5381 1463
7141 4529
199 9330
3710 422
7457 2312
9064 1765
9889 4840
795 5204
8233 3000
3832 1941
5989 2224
7653 7846
1606 9649
2932 502
6029 260
4933 4330
5740 4836
7615 5599
5560 1702
3353 3251
3303 3409
249 2228
934 920
7793 9166
466 1694
3920 4702
4692 9337
4528 5739
620 5608
4205 5967
5953 2445
9092 2190
4441 8680
8277 8253
8551 2874
6950 7373
5621 3849
4105 6679
2659 735
7539 8365
851 4061
8260 8884
6988 2936
6107 4032
6555 6397
7821 9823
6723 2268
7559 9493
3013 5414
1198 9445
3859 6754
4005 1191
1074 566
8530 2120
1184 756
9008 4916
9868 9062
7647 6837
836 663
9249 4956
9816 6029
9004 600
4306 6536
5701 3811
7711 3763
6479 2001
5440 23
6377 5967
3653 4938
8871 7817
5476 7893
7159 9015
3916 41
3086 1863
9497 1728
885 4770
6984 8405
6285 9850
2996 4242
7167 3109
8369 8685
9910 9558
6259 7154
4890 4212
7003 9121
2266 5852
4556 7625
2241 3418
2122 3310
9401 3671
2645 5168
2952 4405
1279 5583
3413 6862
2893 8385
8084 4430
4802 4483
1875 9779
6718 7679
6370 4610
5958 3177
4045 3261
6565 2948
7655 2479
1014 4230
2358 8689
1943 3803
5537 960
2493 9834
2784 6733
2936 7099
2076 1230
9289 613
4227 9028
5017 7135
7146 9248
1734 5791
8421 4769
7509 1243
4123 887
5967 9797
8878 2547
9193 6870
8217 4247
4950 3705
8251 1658
161 2160
4972 8371
7219 5378
2580 3802
719 6510
9612 8680
9712 8667
1670 6516
7529 5166
134 3861
1819 6427
2802 4538
3902 8066
1679 7655
6048 1150
1445 2439
8287 8275
2415 8100
9971 100
4 320
4950 6580
2352 47
212 6079
5347 6830
9950 3880
641 4437
2825 7593
4696 5502
812 7797
6285 3482
370 8170
4065 9182
1981 8970
84 2561
1368 4634
943 899
7248 1244
3820 1246
3889 8246
8753 6336
8943 269
9717 8658
2892 2316
2711 7880
2144 1452
5511 2378
3585 3296
952 4145
9187 4966
8820 3900
2937 1492
9998 7850
5212 6861
4158 3898
293 6869
9843 2622
1727 8207
7975 4148
2733 437
3197 1369
1045 2686
3383 7552
5461 5036
4262 1679
1068 2035
2122 9936
1380 4656
223 3596
296 8298
7343 6507
56 8570
3839 262
7444 3659
4153 8313
2169 7785
1036 1255
8822 8899
2871 834
5798 9467
9843 4624
3571 9610
8336 9120
3429 6641
9087 2054
1310 4655
1395 5596
2107 8984
7076 5181
5257 5663
5739 7262
2733 9953
3708 7215
9330 1657
3826 1709
9569 8362
1489 2636
4310 1437
3690 575
2589 7573
6041 5149
2594 2228
7108 2698
4146 5678
1116 5381
5065 9533
2783 5971
7455 8890
1831 972
237 96
5313 6553
6934 8335
9851 420
8733 16
5570 1809
1066 433
8966 2696
7081 8176
7369 1023
7440 2556
5183 6967
6510 3025
1851 7874
3360 9303
3598 8677
7570 3795
3861 3246
5356 4932
729 686
1323 5796
8853 6439
2756 8673
9627 8971
1769 7035
3105 7432
2728 3883
422 1534
201 8617
4708 2952
2338 3691
6153 4228
7325 8893
862 5755
6452 2818
2489 9081
1290 7959
9388 4921
1929 6535
1318 3962
2774 710
9834 5701
5364 8935
1074 7839
5736 8882
2975 9525
8346 3223
3322 5750
7921 8675
2672 7642
1848 5946
2511 9316
8330 4996
3917 6718
8848 3894
4470 5988
1789 6245
1709 7657
6433 7035
799 3626
1884 2800
3879 1644
648 9634
5062 564
5453 3742
7255 169
4550 822
3369 6711
2513 4827
2589 261
4404 3065
2889 1897
4726 1141
2336 9669
2498 6803
1830 51
4252 9708
8554 5383
2676 1616
5809 5904
6778 3211
2415 9295
8340 491
3445 6154
6078 817
3960 9062
5934 515
6523 4290
2017 9445
2847 9007
7931 4559
4843 9841
6479 4170
3387 8508
7367 1509
18 1550
4663 6385
5904 5395
2990 295
8160 7030
5739 3006
9188 3582
8865 2198
3137 9846
6505 9165
8062 1692
9812 8228
1961 4540
8599 5378
5065 8188
1854 807
2499 3161
649 933
6048 8300
7502 3238
810 6902
2276 692
7031 8452
2848 2499
4767 2342
8787 8071
267 770
3256 606
4466 6928
1257 5926
1530 3548
869 8497
3250 6353
6106 9070
3568 8337
5196 3043
7236 7259
6527 9517
7061 9706
8467 6353
4025 2783
7276 5147
3449 7549
3357 4764
1557 4242
7098 384
7433 6194
6037 7422
5382 7816
698 8559
2563 4098
2871 6989
8847 3075
1036 9672
4234 450
5660 9928
6957 2340
3711 4717
4335 5014
8424 7162
3786 1028
1882 4843
7190 8402
1952 2784
4705 4574
5494 8222
4320 7363
9676 2742
4825 7618
9964 9073
3967 4425
3718 1143
2922 1367
8974 1731
3799 9256
787 7166
9575 4338
5243 8241
926 4616
948 2896
1211 39
3165 8224
5198 2609
8717 6089
1541 8647
3460 6582
666 4505
5567 2276
9503 7676
4656 2318
1352 7862
5442 1695
5445 1068
389 9088
2786 9694
2645 6941
9751 610
4067 4084
1488 4231
9657 4606
4671 6586
4945 4792
7655 6511
9516 6457
4840 7376
6239 252
6527 6361
1945 97
7948 3120
999 7518
9429 5759
5470 508
8181 1849
2005 7196
863 3348
4609 4753
849 1548
5216 2322
7111 8140
9608 7344
2558 2115
8708 1284
3634 1944
6688 69
8905 8498
4692 8598
7233 8692
1390 8506
3984 1247
8697 5908
7037 8398
5364 2206
6510 4073
9864 8402
9061 9024
3798 9228
3632 8809
684 2225
6699 4527
7200 4920
7250 7702
5541 5562
5854 9778
6939 1829
7790 4992
7287 914
6817 988
6952 7272
4033 5563
7238 2807
5458 4123
5255 655
6726 443
7528 8976
6987 500
6655 1808
4544 5270
2649 9592
7378 7854
9136 2195
3626 7085
7000 9174
8974 5288
8030 5314
2305 5168
744 8437
5485 5307
6739 766
1565 1565
6497 8703
6711 2482
7715 688
517 4425
4813 6465
4456 6003
9890 397
1435 6902
9474 9977
9203 8407
86 2636
3351 7280
1313 5637
359 8630
8013 6930
4870 3090
8919 6345
3911 9535
9910 8479
5490 5400
1165 633
1038 1981
3306 928
4234 4286
4725 1078
4763 7356
5151 1378
8011 7898
3486 7578
3010 4040
4869 7185
7221 2499
8953 611
466 5108
9931 6925
2446 7425
6849 3152
2648 280
4686 5319
8792 5004
8569 2290
8859 1240
2958 2873
212 9157
9982 1922
4030 8078
3405 4635
9720 8779
4134 5994
3602 4653
2448 2885
4914 8119
82 2268
6496 894
2758 8133
3209 719
3777 4903
5017 8749
9940 6638
167 4276
8432 2506
5056 4669
2335 7914
7384 9338
6052 8745
9503 9409
1496 9181
7652 8082
1367 851
2783 4843
530 2789
2056 8317
2132 8301
8781 7689
5245 771
694 2840
7371 6260
9046 7410
7103 5603
5796 8311
1666 905
3856 4688
3337 700
8620 9197
6377 4902
5019 9570
9514 7475
7589 8017
2381 1133
6705 8630
3377 6764
8024 6612
979 8823
5990 8606
1396 3011
1306 6220
2991 5655
2479 6728
5967 3112
3790 4381
5350 826
1792 8214
7630 93
5989 1582
4783 2891
8378 2551
3885 4845
7096 6267
3132 1519
7819 6265
3413 6070
789 9250
601 716
9440 6989
1691 7641
5055 5848
7682 4140
4202 3260
6593 4563
9465 250
4088 7556
6611 7194
1931 2998
504 807
5865 5930
2205 6562
6306 6185
9654 4789
3395 5449
151 172
6035 7649
1691 6032
3993 802
9371 4512
4294 6052
9410 5657
3678 8678
4743 4586
2287 371
5767 7789
8694 5254
9486 5689
8997 1322
8364 6639
6503 2170
895 7765
1626 1826
1415 5050
6487 923
3715 6323
8760 6131
4681 6384
969 7583
8095 7482
3566 6739
603 574
2187 3278
683 7770
2039 6692
6317 5645
410 9237
948 8026
5973 6393
5905 8946
7642 9406
5685 2878
2370 686
3440 9067
6289 1614
6205 4895
7271 9615
427 3225
3172 5416
893 6497
5626 6046
3088 1528
8432 8193
1879 3818
9994 2358
6407 2850
5535 7272
3519 8972
2519 2127
4221 1715
9665 2455
2681 9329
3079 5047
3879 978
4917 8299
5478 1333
7274 7525
2666 1474
1088 8022
2320 6536
8144 1225
916 2973
8656 2804
6392 5210
9053 2585
2086 6858
8498 7597
4290 2169
9819 241
8885 7894
6219 6186
5076 8803
7186 6237
2652 7572
2038 6916
5426 3998
1713 2635
8780 417
9566 6867
8167 1103
8582 2738
5164 4020
6803 2391
4017 8240
4014 820
2353 7665
553 1683
8315 5775
8332 6978
7899 3780
5397 8067
2683 2567
6798 9443
9523 5323
2697 6824
6926 7052
1521 9876
8754 5870
6422 6148
2756 8338
2437 6481
8183 7785
326 1372
1410 7630
1110 6328
1602 1364
5318 2191
4647 2688
695 1743
5760 1298
8955 3122
2898 3981
3944 3824
5973 2176
9186 7074
6492 2329
9934 4323
49 5461
4475 4068
2619 2512
6305 7611
937 1763
1142 3870
7604 3539
9963 8259
322 9103
1891 1973
8410 7829
8039 2201
4857 7890
8087 1361
8610 1768
6400 7680
657 1821
5963 2010
2968 4120
5220 34
182 6730
1778 2789
6167 4444
4170 6496
8985 2139
742 4394
1287 9988
1035 3848
270 4196
5803 2574
2563 9507
9482 9068
9478 1221
8946 5262
6062 2489
2987 1132
4305 1680
4588 427
8092 6746
113 8435
277 2379
8271 2195
8587 6934
5711 4863
5266 9448
3510 1110
3831 5954
3683 5949
272 4911
6864 5607
6212 6114
2700 7401
2552 4599
6892 8610
6857 6150
6166 6394
7942 6226
2342 6715
119 9603
9382 1757
6836 7942
7561 3677
4703 4948
8483 1189
337 2597
7462 3936
7160 1516
6300 2972
1126 9814
9707 9608
917 1756
1382 3230
4915 4255
6780 8342
7812 3627
8893 7942
6185 848
2869 3408
3531 4838
4842 82
8277 6438
1963 6274
2647 5339
4174 74
8322 5882
7679 6312
9394 5652
1901 7652
4977 8562
4553 9165
4415 5297
3701 6533
3576 889
7548 3393
1044 2423
675 6907
8967 6009
3752 4756
5857 963
9206 3794
9946 8348
9445 2924
2613 2495
3350 9792
1087 6266
8034 8869
8983 159
7988 4112
5669 5026
8326 7976
9419 739
5136 1743
2516 7719
665 4968
5884 8438
3280 4769
1415 3092
5376 1493
3111 4579
7231 4717
7310 9933
290 5902
5527 7538
6743 4093
424 475
5010 8379
591 417
1413 4403
5932 3922
1583 1637
1626 6109
9462 653
718 5161
3079 5470
5169 8760
7022 5955
8677 7294
5268 1859
8567 1395
3802 5229
1546 5946
6471 4343
715 2726
8579 4051
8844 545
5980 761
5642 6229
2426 4790
7821 1381
2484 2237
6524 1085
2128 407
2025 8584
615 9294
2319 5914
3835 6151
1673 987
3383 4052
5284 9601
2398 30
6324 5597
7287 6300
9951 6844
18 1808
7816 5916
2246 2277
5319 9133
227 946
3030 19
7607 5401
1304 1490
5200 2087
855 9897
5142 8485
6840 6937
3082 8581
766 237
7404 7426
3328 3146
1561 2777
6833 8489
4376 6298
9737 6104
1202 4417
4887 7914
7729 3610
9635 2691
6757 5477
2690 5586
6924 3094
9782 9571
2036 3636
3616 1779
3181 976
8846 5068
7603 337
6627 1738
7251 1562
6404 2956
6429 9968
883 3899
4011 7216
6419 3672
7926 275
2377 6413
6250 3998
2309 914
1233 611
8828 2954
1207 3495
764 6440
4151 7568
3293 5209
7654 7012
7225 7314
3000 5274
4880 3920
5267 5074
9666 5192
2669 9906
2257 9960
9238 4177
1205 4474
1495 6567
942 6861
9950 4397
9177 9313
2714 3004
2996 4959
287 2156
7520 4428
6490 2172
390 6087
8816 1546
4812 1009
6888 6097
9980 2545
9638 9328
732 4530
9912 8415
9737 9184
1078 4996
7606 4343
6083 7629
7841 3923
6675 9853
9896 970
3230 4344
779 5547
6748 288
139 7958
7618 7288
6859 4259
3271 156
9442 3292
9676 7736
3079 2479
6531 71
260 996
1990 5258
1699 6900
5930 6923
1511 3152
8600 995
3503 8454
1273 8285
4924 1291
4579 2946
3710 4476
4851 6457
4236 2666
4667 532
7610 2416
9422 5512
4703 5353
7392 60
2528 5555
20 8689
3087 3728
9913 9291
605 6875
9200 4237
3607 6858
1896 9305
7823 2277
549 659
7221 5425
4629 5314
8733 3198
6321 4406
4866 4592
3506 2027
5946 1396
3467 9319
6687 8068
4567 9908
6081 8518
2677 3259
8603 8289
8845 4308
390 4896
1902 7201
6519 437
4240 2819
8561 9682
1368 3899
2308 6025
3354 2655
8913 1558
4979 6069
818 6884
9374 645
4512 452
7780 1710
955 3500
5624 9633
4569 7583
847 7146
8429 6672
4753 9750
286 5160
7125 9109
9317 454
7336 5424
2045 6419
1843 6073
7862 3930
3598 4605
4328 7906
3129 3147
4571 5688
7649 3894
4776 1064
492 212
9029 4997
3006 3807
8990 9750
4686 1010
3119 6467
7576 7981
5448 9812
494 424
4137 5827
2870 1076
4403 7148
412 7031
1420 6304
8853 7128
1603 6881
4101 7594
2199 9535
140 6234
8415 1520
8453 4562
22 8081
6975 112
2866 9427
4001 7912
569 6825
1266 3872
1931 3025
3534 5747
3102 3982
3426 3944
2112 9486
4599 601
3102 1240
9132 9938
9000 1806
2282 3543
2443 5249
8603 1941
3211 6370
1866 7480
9934 7677
2171 8706
542 1235
1385 5438
925 118
9792 8028
7112 5240
171 7875
5206 5467
3311 5770
8723 4725
8198 250
6330 2348
5604 7666
2813 604
6955 6739
4404 5156
696 3008
5385 5093
9497 5568
1601 6802
7485 265
726 112
839 488
3359 8107
9999 8077
5397 3317
8045 9629
6573 1304
4869 9902
9095 6657
316 7688
2951 2466
9901 3446
5047 140
3381 8276
1321 3643
78 7544
2193 1847
1606 1870
2059 4516
2427 5166
539 2271
3573 6795
9113 5222
4254 2279
5210 8510
7325 6715
6392 3400
1792 5847
6883 5664
6162 5270
6900 8303
7741 968
9814 8106
4134 3497
7170 5463
2563 5955
5316 3943
7795 5189
6337 8983
703 9443
2974 5117
8977 1274
7276 7408
5117 1757
9395 68
1162 6936
1302 2603
4746 108
3225 2734
3868 6488
2873 2935
8788 2813
1126 6535
468 7582
9269 5608
1261 9052
6939 1412
7372 4202
4797 4341
567 7717
3381 8554
6347 5066
1592 2298
7984 5484
4294 8279
2749 2644
2794 5498
1284 2377
8463 3393
1518 4126
788 5026
7052 709
9282 8137
4980 4498
7509 7453
1222 8343
5757 3408
1167 6757
5115 748
2525 8555
3563 1308
4774 9579
2145 1729
2833 8074
1990 3162
6997 4699
3649 314
4806 2976
966 1974
5697 3617
7464 6991
8467 7995
561 2255
2557 2902
9876 1359
6001 907
6815 4730
5744 1013
3729 7111
8147 7326
467 2473
7960 6812
941 5999
8594 6334
852 7621
5306 5444
6459 7302
9021 6399
4203 4953
5917 7437
3834 5639
5683 9796
5092 2189
8655 162
5036 1466
1725 5417
9431 4389
5244 4364
1855 143
5981 8882
8413 1473
1758 8013
9332 7348
9739 5636
6440 5404
3640 7552
39 1583
9434 4289
5928 7643
5803 9346
2224 2729
8650 1117
4458 3802
8406 9441
633 1826
7419 9002
5843 1859
6401 3583
4973 3583
7861 550
2762 3494
8235 6865
6656 6187
4946 5955
1302 7900
9363 7662
4078 150
3056 5640
1968 3355
9049 3870
6232 5514
5402 5488
5210 6231
7197 2507
6136 8746
7301 1431
3007 2806
7583 8762
614 6628
2220 6062
6128 2726
1748 4730
7793 2490
1338 642
7547 7500
8133 9607
8762 5025
9956 5759
6268 3460
7212 701
1820 8905
433 1379
4044 5808
5295 3936
5080 8520
5296 3612
7497 2909
919 3514
7083 4439
2191 2661
8718 2543
5899 3480
2879 5758
4399 9769
6396 5809
9312 8159
2376 7912
4886 5363
3749 1470
3998 6607
9433 9532
7121 8566
3090 9173
9078 1845
5203 927
8745 1495
321 4664
881 9136
3171 9092
6321 2326
4484 2258
5408 205
8278 6044
4040 5580
2842 2901
964 4559
2902 7669
6320 5545
1613 8952
4124 7486
9454 8562
6957 6280
4380 5701
1375 3003
8879 9214
5903 7283
3271 2246
3232 523
7684 6510
9809 2630
1062 1491
5035 3654
3885 4126
125 720
7329 8486
3987 681
762 1465
21 5543
7938 6923
6515 8283
7714 9119
7321 1685
7415 2410
1399 6430
1611 871
9160 3457
4373 2573
5180 4329
8269 8717
2252 1926
4135 2839
4175 6434
451 6413
4613 6981
7616 305
4949 6968
2801 5409
1563 4823
6141 7990
177 2856
6297 1508
2487 3056
6638 542
3380 4860
5292 6404
3271 9575
6663 1422
8394 230
4803 5020
6790 3980
9500 1834
943 111
6352 9013
9601 2407
9368 1083
5054 9727
9631 4926
33 1189
9868 5874
556 9586
4909 9431
4358 7285
3508 1267
6336 5049
5091 9844
2170 4795
7210 3337
1511 1598
4254 9192
610 5033
1665 3309
7027 5215
5739 1185
9121 7647
9646 3555
6263 1793
8990 1367
8359 2474
509 7909
6962 9386
5757 8963
8235 2711
1314 1144
2099 5044
4807 9102
9706 8819
1260 1322
3031 4747
9870 7615
1734 9431
4773 284
2181 3866
7483 8983
1806 6100
955 5882
1348 5730
4610 8422
5144 3738
1672 1618
3972 6982
3837 4118
1626 1186
290 5114
1612 2808
9279 6925
8569 6301
5876 5276
2887 3170
3897 1662
5728 4075
2047 6616
2550 7173
3904 2969
3850 549
1341 7537
6751 3359
1557 2629
3307 4461
1744 6626
8769 8874
6659 5685
7523 6228
3128 7701
7983 7519
1582 7989
6167 5948
1464 3156
6353 4624
2976 836
4172 8044
8525 1249
5746 7811
6104 7632
9697 9680
6951 8887
7075 921
6707 4070
5606 4320
5023 1339
1193 8389
7478 5273
4656 4406
1608 7707
4048 9652
9600 5136
5526 2579
6984 5918
9297 1315
2325 8517
8029 7302
7755 9178
2693 7599
1036 552
8588 8305
8749 436
1176 3538
8118 7233
6141 5274
3083 5601
4940 4467
8940 9044
325 8987
2676 701
8559 6541
6552 2513
3443 8791
5308 4867
3902 1373
1916 5306
9083 3557
9578 1
4681 7105
5116 5315
8361 4439
424 6638
8822 2139
9745 9009
3580 9648
7226 5667
4119 8651
6663 8621
4418 9083
4606 4242
1447 9331
584 6496
2571 3454
8692 1183
7929 1063
120 2239
4365 2672
7187 4214
8865 2363
3605 3667
4390 4640
529 9931
39 671
5492 971
3264 6566
9080 8022
7204 7034
4691 2022
6344 3580
5881 3727
9968 7131
2095 3368
7581 7321
2103 9078
5072 9997
7662 6381
7648 701
9129 918
6556 7841
213 516
5699 7016
6610 5082
1645 940
7243 4400
2904 2136
612 9961
7524 2863
172 3353
5455 109
9671 3663
1850 6284
8023 9444
7661 16
9138 9384
336 3575
7972 6119
1432 4492
9510 734
9674 2967
4531 8580
981 5112
1405 6898
9897 7523
2355 6942
3699 471
4004 5883
8804 7135
4886 3257
1941 8307
7265 9699
5182 2959
4150 7584
2242 6441
8435 3948
2110 6749
2371 8605
979 977
9452 1037
7453 3139
8563 9201
1213 8700
8005 2386
2749 9506
8234 6332
6485 333
1192 7522
5090 1968
1250 5051
7479 6828
4800 1368
7371 5117
3792 2671
6610 9859
1953 3835
6845 3487
2596 8330
4187 4808
3117 8394
7082 8147
8466 4730
669 9946
6441 294
9559 4341
5558 1781
1918 6456
2602 977
8995 6738
1423 6469
8461 6506
7533 2990
4400 3365
3184 5798
4534 7328
6785 3989
6868 3945
5213 6761
4862 5265
6311 7314
3210 7025
960 587
9701 6239
2691 2526
5788 8740
875 1653
2712 9059
1415 1799
6295 3848
1859 7203
2132 4450
8397 5862
8612 2514
9288 5668
6240 5785
3383 5463
1144 5142
2929 1242
4117 1217
14 5569
2689 4541
5905 9360
1015 7733
9233 3818
7891 4118
9019 2985
3438 6131
177 4135
8448 3134
4877 8160
2562 1387
8865 2841
912 7158
5648 770
1165 971
2712 6618
637 9451
9325 6181
7161 6982
4953 2389
7774 2228
9623 5336
7290 6842
6382 3022
872 1980
2222 2656
111 5530
7916 4727
1701 3653
6760 5047
1325 8643
944 9434
6495 7508
2138 2310
3107 4702
363 8678
7136 5508
7272 5775
2776 6514
36 8234
5050 5751
6319 8796
8843 5713
8215 3398
5131 1639
8868 1868
3781 9861
6381 261
8249 6343
6991 9637
1994 1312
4916 1036
7970 481
2026 8976
2002 2541
4394 8978
6096 8414
6267 1180
9472 9457
9648 570
9833 665
9560 5720
5111 9691
3545 8097
6602 4824
9166 6852
9939 8735
442 1587
6772 1482
475 3428
9353 918
672 4728
3471 6828
7281 9157
9755 4026
3455 2805
3091 5047
9915 450
66 3713
644 605
9988 3871
7327 6230
7583 4368
582 3269
1530 8706
4989 7708
8954 4056
3290 1253
2340 9280
6091 592
9369 1801
4814 223
1588 8557
8798 6603
9643 9401
9486 8407
5216 3866
4999 205
4935 7281
6326 4585
9949 3761
9602 1821
8706 9857
4038 5620
2327 6368
9441 6256
4059 5490
5677 6688
3129 39
1376 1542
5496 7913
6892 2561
4484 8214
3772 6025
33 4263
3724 1737
9610 3391
6258 1184
3825 725
7595 6340
2222 3412
7716 3934
8683 6609
2578 8823
1023 7763
2919 8038
291 8229
5378 741
347 5448
6100 6262
7574 1289
3884 985
4032 9230
2863 9163
4248 8268
6288 3802
7237 2103
6197 4083
1353 2548
6209 3392
8936 6983
9482 2720
9252 5584
2442 9890
8972 3554
2257 9925
5105 5556
8532 2559
3139 8953
9195 1220
3859 7432
8131 8957
2280 4549
2829 4591
8754 6161
9684 3700
4598 2116
3806 8343
6713 2759
7387 4520
1270 3126
1534 6858
7588 971
5386 6447
3622 512
3958 8886
4451 8240
2819 8067
8321 7687
720 7798
2578 3636
5516 4345
1357 1759
2014 2279
3018 3286
9192 3095
3208 3427
8322 4589
50 3704
328 9378
7726 2034
3440 7529
1116 9974
6140 8337
155 6313
9975 158
948 7248
4052 4331
3614 6999
2840 9876
2236 945
9607 7551
5845 640
5777 1309
6835 3776
3601 8007
4237 2514
652 4880
8058 6293
2442 1023
6049 4614
9204 1083
6788 9327
9826 4012
1607 6047
3426 2218
752 8588
5960 7074
8422 9918
113 4842
7310 4057
7599 86
3032 1618
3771 7069
188 1208
6376 8038
1582 6595
9729 3457
3916 103
5306 6521
2330 4037
8942 9371
2701 4310
4466 9015
2498 7012
1393 3814
2770 1696
4977 1738
2829 8047
383 9024
5566 5251
4338 9351
7989 4741
3952 1152
9689 5852
8495 1189
3602 9022
6000 6689
7176 4318
7143 3385
9753 6359
6507 4311
5002 2070
7646 375
2240 8718
656 8583
3548 4082
8137 6391
7031 9990
1745 6410
2911 1010
6528 8291
1685 4634
2870 235
7495 5301
5437 6466
4317 7906
3957 3689
2468 7990
1777 727
180 2220
1984 1210
8797 8446
8638 232
6967 1676
5769 3661
2032 9890
4529 7687
6885 8042
9111 5984
4948 3970
3546 1574
8952 8025
5532 1777
8813 5450
4895 415
2120 4023
6695 6593
9779 818
7286 8017
6015 9562
192 3540
5968 3383
6965 7514
1886 258
6854 8057
8086 5544
7457 1392
4755 529
9959 4523
76 8621
5425 4522
9963 8708
6336 5887
5115 5509
2911 7866
4135 8959
6613 715
3244 863
6381 613
9780 9055
1132 1249
3406 3292
8648 2108
4420 7980
1432 3936
7144 9503
9159 7847
3509 1734
4916 8324
4062 4206
2830 3920
4450 2000
2147 6530
2890 2786
3289 3264
6815 5818
3286 8028
8688 8723
5041 3790
7009 3487
7913 834
2032 9063
5925 1622
3125 778
4215 499
8567 1411
3650 8586
5822 7009
3556 2877
9338 9439
8029 818
9397 791
1936 1205
1638 2247
6736 9234
8049 9576
5666 6998
3032 9024
9328 2705
5009 6935
1055 6334
3035 2499
7286 9236
753 7564
7671 5262
8081 5281
4280 6020
8417 8575
2431 4700
2008 7663
3190 9240
2468 7116
7587 1097
7421 5233
7215 4905
6706 1732
450 115
2834 5383
1963 2785
675 5461
9160 8515
5402 4130
4249 3807
3824 869
4612 4236
1033 2984
789 6940
3027 2937
2327 418
6407 8556
9197 4394
9699 5731
1836 5943
2636 4338
7392 4650
2370 8233
738 9716
8246 2764
4073 1041
478 9148
9217 3418
7978 9741
5554 657
7039 4120
7202 8760
5751 2506
6133 8251
2379 5954
7271 3318
8541 6201
563 3521
2332 3006
831 3429
5484 1431
2710 8810
1588 1588
6608 3402
1912 7063
4691 1721
3868 849
9160 5450
7483 6968
5497 9910
4321 9913
2026 6665
7174 7772
9612 534
1272 3345
6624 1172
4188 5269
4405 9206
7417 8761
5358 9045
1547 1319
1281 9730
2897 736
7900 8920
8163 5259
9643 2412
9351 1241
1488 6576
2208 6838
295 9577
6499 3958
2827 8385
7342 5607
9525 7961
2045 4891
3832 633
3078 4924
5274 5036
3397 9030
4869 6892
1886 3929
2633 1181
85 8485
4155 8190
1219 2646
5954 5824
8303 3898
4660 8205
8536 317
4033 3069
3290 988
4325 515
336 7646
5004 8069
3169 7288
3250 2086
1132 2366
6757 5795
2113 2840
2728 8677
6855 156
6094 3674
9980 895
4935 3390
4470 269
2187 531
6730 8653
4134 6272
7677 8859
9522 8769
562 3553
1314 9656
6906 5694
6132 9957
5866 7577
196 1161
1727 4503
4965 4666
5034 4121
1898 8243
6647 3046
8940 1793
3770 7116
8376 2203
8530 2361
3766 3351
883 2543
8840 656
1408 9495
8154 1582
4054 364
8491 1105
105 9150
7705 4968
8597 4311
6977 8245
9746 108
8960 4773
2089 4924
2906 9731
1716 584
2471 8787
465 3103
3817 7370
7637 9914
8175 8355
6106 5962
5594 1325
4239 7571
3719 6213
6604 9681
3317 4367
6455 9844
5705 5560
1034 8416
8702 2122
6501 999
3856 6443
972 3468
1716 2257
3642 2369
3041 2592
8027 8750
8043 3101
2054 9565
8959 5614
6320 4732
2832 4894
3320 559
3427 570
8527 2998
2899 4954
7465 4755
7332 7285
2227 5127
5177 6831
3813 5872
9820 7134
2848 186
7848 1919
9382 4837
8993 4355
9495 3258
9128 7034
7250 2628
8159 8366
1192 7999
5842 2208
1004 1786
3739 9597
7717 1341
7076 5827
4469 726
5341 210
9702 8496
7349 7337
1479 6028
3559 4304
9354 1194
7526 5341
4550 2146
9351 3805
5216 2602
9789 6221
2338 6802
9905 2084
1440 2494
8379 8603
3525 2111
9534 3438
5131 99
2487 6436
9756 9502
5027 6360
7254 599
1203 4785
7266 3857
3972 1762
3314 8190
6815 758
6045 8641
4868 7181
5711 6163
6459 8331
803 4136
7323 587
9237 6479
518 9013
9901 9868
3708 435
8681 9745
190 8113
4529 7255
2798 1572
1095 2799
8864 983
3311 3885
4093 7410
2926 9459
4690 8522
3260 1913
5042 886
9558 4660
257 6887
3342 6573
2613 6897
497 1481
6846 3040
6959 3541
9818 862
8089 7794
7015 32
5750 8575
7170 5212
2452 8186
825 3697
2289 2327
1603 9213
4979 3505
7428 8120
4375 6147
2583 8553
5852 4646
8772 1712
8495 2402
2089 9738
5141 2198
7663 3507
9017 8102
1707 9840
1120 7221
2154 1628
4225 5208
3742 9210
3828 6151
8138 259
2515 8369
4416 6417
2791 9371
1687 8035
3174 9898
4969 6463
8714 644
482 7523
6771 7367
6039 9838
6971 9480
660 5428
4282 403
631 613
3684 7622
7731 1480
7283 7164
243 298
8614 552
2487 471
1846 3877
2611 5884
9079 7699
8949 4017
3967 351
3917 2250
2361 5359
434 8289
5642 4967
5620 6137
8803 4835
9752 9338
9916 6966
