1923 1746 100
1891 990
1892 990
1893 990
1894 990
1895 990
1896 990
1897 990
1898 990
1899 990
1900 990
1901 990
1902 990
1903 990
1904 990
1905 990
1906 990
1907 990
1908 990
1909 990
1910 990
1911 990
1912 990
1913 990
1914 990
1915 990
1916 990
1917 990
1918 990
1919 990
1920 990
1921 990
1922 990
1923 990
0 990
1 990
2 990
3 990
4 990
5 990
6 990
7 990
8 990
9 990
10 990
11 990
12 990
13 990
14 990
15 990
16 990
1891 990
1891 991
1891 992
1891 993
1891 994
1891 995
1891 996
1891 997
1891 998
1891 999
1891 1000
1891 1001
1891 1002
1891 1003
1891 1004
1891 1005
1891 1006
1891 1007
1891 1008
1891 1009
1891 1010
1891 1011
1891 1012
1891 1013
1891 1014
1891 1015
1891 1016
1891 1017
1891 1018
1891 1019
1891 1020
1891 1021
1891 1022
1891 1023
1891 1024
1891 1025
1891 1026
1891 1027
1891 1028
1891 1029
1891 1030
1891 1031
1891 1032
1891 1033
1891 1034
1891 1035
1891 1036
1891 1037
1891 1038
1891 1039
