287 6547 400
38 311
9 2806
183 5781
138 4984
227 802
13 4523
92 874
59 807
7 336
104 5465
114 5508
271 933
167 1276
204 1023
177 5325
143 4166
23 2551
119 561
123 1694
269 3653
2 1686
110 2356
116 5670
283 556
145 4946
74 5612
228 2722
161 3145
217 1246
70 4340
240 3331
12 6205
207 946
174 1402
261 2000
43 5710
247 753
145 1898
45 5919
134 233
64 5757
240 2928
263 618
44 3234
50 2599
39 2244
224 1801
85 2580
246 5548
226 3862
29 534
37 1211
181 3689
212 3895
19 5775
286 192
235 4031
153 3894
281 1523
180 3924
221 4302
2 28
212 2204
91 3734
222 1064
98 5743
118 1835
43 3037
61 4100
232 1139
264 3603
214 4079
200 635
198 2417
229 2415
82 679
193 87
113 5642
274 3363
8 3195
203 5759
209 192
104 1338
27 4317
34 2257
286 2555
159 4716
134 5750
125 5628
123 2047
182 3964
176 3517
227 6182
277 1521
138 6004
165 3594
66 4386
265 285
214 3611
228 3530
273 4485
228 6151
94 2308
191 3816
248 887
125 2043
33 2218
224 4749
105 4839
10 3362
19 720
227 605
194 3090
124 1188
222 1359
97 4510
42 3146
267 1415
196 5637
215 150
237 5249
135 2183
180 2780
147 176
70 6113
29 6455
1 5680
226 5971
106 2831
26 1575
81 130
282 2106
97 3366
262 5630
124 3840
228 5705
50 2685
227 1531
5 5817
125 4687
142 542
204 732
198 6263
280 4335
70 3592
4 3561
36 1510
104 2865
254 1127
232 5897
25 6226
34 2061
273 4793
113 5020
183 422
232 3189
224 4858
36 6342
284 171
184 6213
14 6153
174 4109
7 0
11 461
10 3574
204 3328
230 287
149 1468
183 2405
251 567
280 173
84 1857
216 1546
66 3686
124 3647
224 2178
160 1665
127 1957
145 6363
124 5752
209 2380
80 3029
118 6246
273 2265
134 857
254 4457
175 2976
275 5484
138 3502
178 3698
254 6150
27 6398
76 3982
268 3610
60 6524
187 951
286 3447
192 5818
110 4633
141 4207
242 1758
262 5410
95 4282
61 3637
65 1950
153 1377
89 2313
199 6339
56 616
280 3702
180 5044
181 6268
207 3949
198 3021
200 5839
33 3360
127 4255
251 166
178 156
261 5983
45 2489
18 839
164 1256
184 5871
134 1757
148 2148
85 782
68 2141
121 4110
201 5933
216 6513
218 3777
96 218
7 5872
197 5866
43 2629
287 3023
183 2872
80 731
16 1782
268 5948
237 3129
81 2298
231 6476
40 3069
227 1958
91 2314
155 3789
69 226
24 6017
133 6222
222 4607
60 3834
210 4561
130 5041
86 4387
229 3970
204 3098
88 530
60 3288
199 3920
188 4570
132 187
48 4708
252 115
234 4063
256 5953
83 5719
235 6506
33 4075
64 5768
198 4347
188 4415
63 576
143 3370
273 4128
274 1110
103 1688
217 1944
121 5825
43 5760
76 4135
256 661
105 2104
110 6305
266 1993
71 2059
172 5236
105 2217
251 148
164 976
119 4562
101 1707
136 1366
226 2245
157 4025
215 4148
226 1793
189 96
260 6364
21 3777
91 6446
114 3810
130 579
263 367
123 131
181 2743
273 5959
207 5375
276 1095
202 4555
230 832
152 3256
25 2289
261 3516
49 3880
183 3742
268 820
169 1707
66 4962
99 6116
281 3075
208 3760
51 6116
74 2467
272 4661
106 72
93 84
255 4766
251 130
155 2754
10 727
55 2297
164 3244
125 3420
112 1474
238 4914
206 2105
219 3230
285 4579
183 5503
245 2295
267 2555
93 3610
166 1690
208 765
165 1878
169 64
99 2182
51 2892
54 3950
217 2072
159 3083
255 4179
155 3616
18 5603
177 4246
274 3997
8 222
57 6054
260 356
275 4317
203 3764
89 1955
70 2323
192 1293
232 305
78 3494
16 6239
6 1615
111 3306
177 2383
96 3363
168 4436
177 4043
135 5541
232 1456
286 6190
110 1829
193 3929
35 5028
128 1507
206 4845
81 4328
185 4973
143 6267
276 566
96 5592
209 4914
60 4584
94 3143
123 4890
53 3072
159 2666
199 3420
81 6024
214 3686
96 4680
99 2880
62 4009
