9866 800 400
3247 80
8009 357
8364 7
3221 282
7527 11
721 58
8504 230
4405 608
4161 77
5235 293
6926 175
5292 203
7403 189
5485 489
2574 299
1032 377
8887 684
6436 190
2364 523
9297 719
6955 140
9346 371
391 37
9479 197
5025 277
8879 206
5929 125
5647 635
7018 55
4032 110
8759 80
60 517
1725 788
1560 412
8722 212
5315 649
9156 396
8823 164
6614 43
4352 195
6517 37
4179 299
779 778
1919 15
8918 715
3343 230
4477 145
1916 704
4410 125
6540 568
3183 215
5443 404
7231 262
1527 259
1837 14
1037 795
9603 594
2146 220
631 518
7399 698
3020 670
1862 596
9614 615
2914 221
4830 197
3803 701
8789 322
453 499
5457 764
5451 598
4082 475
5560 401
3566 59
3883 170
3857 204
722 208
7193 697
5741 517
8624 245
771 789
6867 399
5033 173
2739 702
8343 789
1796 192
7597 526
8673 555
8657 248
2600 294
9406 498
8465 755
5986 550
688 44
2708 251
8803 267
1885 707
3657 538
8380 63
969 739
1064 486
6459 146
2976 788
6368 394
5798 420
2254 570
2874 396
18 654
5050 256
5258 605
9385 398
7752 648
526 715
538 468
5375 567
6426 788
2859 448
5231 412
2416 476
2030 300
8257 512
9400 246
3973 746
2775 588
6833 765
7069 325
3922 364
8333 678
5535 56
9182 406
5524 796
868 670
6662 477
4430 741
3559 617
6226 235
8023 639
4066 426
7972 481
2389 519
9146 532
1328 181
6682 453
5263 266
4884 374
9352 10
5065 433
1137 301
1061 569
442 284
4662 672
9612 523
6817 310
7747 457
994 132
6281 473
6941 485
591 338
3261 136
7300 272
1293 626
5905 508
3562 632
7007 101
8581 440
1400 346
1996 144
5760 266
4944 242
5548 375
9214 693
437 465
3347 188
6194 65
2242 799
9144 444
2868 55
7699 741
6615 680
9519 659
5452 628
3591 517
3028 34
7556 543
1477 244
4585 609
2210 307
4576 684
3820 479
7991 528
7516 252
4533 526
4336 303
8112 147
3727 187
7208 574
9833 25
2738 534
3424 554
1153 296
8242 199
8419 225
4002 729
9094 303
6153 127
3080 740
8695 551
6405 764
6383 793
9754 33
7624 613
5615 5
4493 258
6106 122
6887 489
3532 592
463 662
8201 275
9044 428
1400 569
7607 238
6311 448
3192 795
4961 375
7502 115
7507 223
213 596
281 215
8300 567
2768 522
4095 691
5052 172
7885 47
3597 308
326 408
4991 55
3127 476
8049 65
7644 155
9849 65
1 282
2282 501
4558 56
2570 756
6673 551
8694 538
7495 566
18 272
6555 391
4972 266
1736 300
6040 724
8771 778
3995 165
6414 4
1555 558
7419 769
8446 568
3908 500
1748 240
70 70
6486 292
7959 331
6920 488
3749 287
552 617
5932 550
222 102
6332 173
7536 175
8158 414
5830 479
6683 309
1273 177
410 415
6940 651
2488 338
9863 733
1953 493
7790 289
3419 60
7785 417
5119 168
1024 267
8486 647
9137 660
1701 473
1494 163
3946 713
9383 641
2106 736
2577 375
2567 99
6466 194
4292 551
8746 299
2702 83
2084 765
1524 172
6453 119
6896 549
8554 259
5891 42
197 701
7826 790
1783 643
7493 586
8031 585
6541 361
9469 311
477 558
4415 705
63 605
6241 505
8898 623
892 613
2225 277
5658 395
276 640
3410 282
4164 486
6166 346
4855 559
7712 157
6924 597
6206 584
8789 496
3098 370
3767 470
9619 301
9094 73
8668 527
5953 171
3138 527
4676 788
3493 428
1856 29
9394 377
7498 759
5132 19
4499 598
5853 487
3990 799
3921 760
4055 250
5837 616
7411 130
5608 793
8757 581
9822 108
9524 403
3022 761
6863 213
7312 505
9629 385
8364 601
6937 19
3388 766
4877 716
1906 278
5190 215
2647 253
2968 464
9126 153
8482 490
6458 682
2003 296
6492 605
927 665
279 39
5429 181
8870 191
5842 277
7035 478
7912 201
4848 800
7510 745
944 565
7752 736
9222 453
3720 462
4943 542
528 103
5346 592
4042 78
1214 586
1246 270
7971 139
9419 484
6528 419
8451 316
151 490
4528 448
4133 642
85 695
9638 463
7097 655
3604 488
4055 266
3227 375
490 425
