10000 10000 5000
5783 9700
3670 3045
5167 797
3620 8160
5218 9864
7543 2932
7816 617
3943 4715
7806 9580
5455 7775
6960 8191
1275 2074
7855 9077
7607 932
1373 3640
2892 6282
3986 7879
9330 8904
7339 1288
7476 3840
2621 572
7707 1998
3229 9756
15 304
3095 8969
6094 688
5960 9644
488 359
5142 184
8190 7606
6373 2198
8695 3949
5955 7342
6840 3783
4775 9721
5399 3601
6517 8715
5302 1146
1697 3988
1254 8070
418 2646
5143 4293
1855 9382
7328 9002
3914 9171
3113 5228
4825 8876
9470 6240
8519 5636
5482 6677
5729 1654
3873 9796
6983 7695
5271 6301
8396 9854
8067 3792
3283 3979
6705 8121
5208 4635
7753 2689
9324 2040
9626 8442
8296 1699
6081 5896
9682 5649
396 9709
9042 9029
9897 335
5288 8774
8959 6701
6412 3226
2227 573
4735 5285
6323 1320
4500 5152
5592 7862
2460 893
6678 9631
9052 8687
9184 5350
6765 7662
3817 9029
1376 98
9586 4723
394 8879
8886 4752
8787 8763
5818 7213
6553 9995
6296 7040
5005 8816
5082 1980
8994 5334
9236 4975
8189 9146
4213 9494
5212 39
3887 2395
4926 9588
6090 9119
7677 4743
8548 4101
5657 6852
9594 9370
176 996
2432 2661
7831 7342
2247 8316
4150 675
8878 6516
4369 7952
1858 4210
5545 7891
1672 2346
7712 3404
591 8014
3173 9507
1160 9480
5318 9106
3568 1810
4906 4429
3609 2611
3121 1046
2997 1465
8551 9139
4051 3070
6253 5402
1335 4374
1785 7368
3090 4424
8287 877
9175 7024
5054 8536
2975 1630
4899 3964
9826 2461
6519 5418
2162 7543
8468 7341
46 2954
8796 2521
1493 4753
5921 8318
5938 2643
8403 7089
4253 6258
7249 3457
2063 8233
1305 9185
7041 3908
6672 115
2414 777
2687 1511
4248 3418
834 9871
2715 5232
5190 5657
4542 5376
3236 3798
2179 4250
7342 4044
7692 9640
396 3991
2656 9395
5480 4753
4425 2653
7036 1760
5228 8055
4687 6083
2122 4133
6695 5518
1239 5925
867 589
7911 9747
2816 2564
8943 2150
7925 7354
3338 7642
4956 92
3009 5148
7715 3705
4165 9586
2919 3566
9063 9866
1548 4669
2482 6807
5758 8553
8128 3856
6064 913
2522 7064
5450 2526
8230 8391
1105 4230
7053 5743
9078 5473
4738 3745
662 5334
8154 9283
375 2369
9731 8
8896 699
7696 6540
322 6588
8229 1786
9234 8982
50 7087
6910 1451
3852 4014
4330 6551
9243 1255
2516 7155
8223 6892
3071 8850
7994 8371
5410 4401
8070 4727
9909 4073
2134 6556
6062 7701
8979 8586
9094 5886
7686 3697
7809 7649
5470 2129
6203 2921
7389 9844
6978 9145
723 1364
7014 2434
4635 8427
7830 2386
9531 8948
5419 2539
7582 5485
3123 5358
4668 3612
7037 68
3256 7776
2494 5267
4789 5387
8491 2815
399 9645
5343 2739
2728 5905
3482 3217
5155 2555
5255 7007
2584 5593
8192 570
334 4631
5610 9229
8866 2870
1812 9138
7716 8502
7698 6426
5081 8613
8710 5178
6185 3397
3538 2648
9072 2899
5021 6942
8888 1876
6418 7053
7771 1041
2501 9436
6329 486
9640 8467
8 228
4389 8973
484 9637
5330 524
5222 1428
1160 7835
3543 9348
1091 8261
6622 466
1890 906
1052 2116
1669 1924
606 3887
338 9470
3074 4044
89 6872
9243 2416
7422 7105
3029 7744
7367 5822
5481 0
9964 7466
4495 6495
1640 302
5393 159
8845 206
732 9819
6682 7424
8995 7899
8706 9384
3591 3612
8778 3488
9682 6707
3279 7865
1510 981
2321 1919
7551 5945
892 4610
8404 5271
8615 756
5 4055
1030 802
1356 4753
3894 1015
2329 4993
1959 482
7117 906
1208 4159
1518 4948
4407 8892
2903 4423
5802 8925
9056 1373
3397 1706
8752 1487
2277 7291
7665 1155
3580 9545
116 3397
7642 3793
4249 2378
9726 5170
4571 844
3155 2287
2593 9401
477 7085
2662 4898
1928 9796
7345 7396
4235 9987
3837 4860
9165 508
1120 7816
4897 4340
5114 6174
5693 1220
2712 6146
9217 2415
2758 9384
4378 9
9506 9191
5878 8466
1029 5441
7510 6261
3294 5705
4509 8080
3291 8443
8920 3448
4452 2550
8089 2263
6294 7388
5271 9421
694 7687
986 9620
1269 5747
3836 4965
6754 508
4262 6750
1268 9520
4827 1255
2934 3000
5229 2207
1511 7870
3991 5085
2055 5401
2257 5523
7382 2051
9203 1520
5626 576
7944 3907
1072 8684
3755 3551
9090 4911
6071 5871
4669 6506
1778 1553
6439 3878
314 9037
7245 4182
1413 2820
6002 7872
2079 3076
5290 3029
1085 673
3922 9752
139 2856
2073 6028
2178 5469
7457 6886
1974 4176
5794 9231
1634 7078
8927 1468
8689 6753
9771 7840
7155 5730
5488 6737
1852 1732
4261 7022
4854 1617
7114 2349
1197 6081
1282 4057
5477 790
7990 9113
516 8353
9423 9948
9022 72
3821 5906
660 1675
4032 1274
7976 2109
4908 913
1130 2413
4783 78
5565 3376
1097 2185
8974 6986
4446 5122
7619 5528
1130 186
8107 1266
4111 3578
9638 4094
4458 8643
5690 4249
3657 5765
1330 884
300 3009
7107 2174
1620 7963
6666 4005
6944 7908
7870 8600
1165 2701
8930 1273
5386 9243
3576 1029
8438 4032
6959 9337
3849 4939
455 63
9234 6836
8816 2068
4146 2214
4446 4261
3798 2436
3887 7254
8964 6302
5818 6056
7679 8854
3354 1103
7838 5202
5908 5797
5807 7716
5197 7878
371 7757
1792 89
5330 5722
1584 1524
8921 6443
7030 9400
8510 5429
4115 6672
7917 3275
9167 9926
1188 8557
9444 8992
3316 4166
697 918
9452 6159
6895 8402
63 7703
9459 5311
4673 3762
7686 7677
4124 9020
5007 121
6240 5902
262 7383
3044 1185
6561 1151
1429 808
5990 589
7607 6028
2620 8373
301 223
8042 3579
4409 9470
6288 3005
6867 9672
9797 2725
9538 3433
3229 7679
2540 386
8976 5123
9729 7468
4660 1691
1118 3129
152 6034
1687 2190
4008 9004
3103 7520
4552 1505
4254 4367
596 9359
4684 267
1260 4728
5697 3555
8919 5063
1551 9711
480 4836
5519 4054
4390 7821
3150 9487
623 1562
354 2136
279 8580
858 2356
2851 4196
5909 7691
4349 7147
4306 8303
7375 6147
8497 6210
2206 8742
5729 1232
3098 7765
2629 3957
3790 5926
1575 1919
4715 493
2644 6419
9100 2647
6235 8291
3308 776
7728 8448
6452 6150
5150 6812
175 7514
6691 9684
3960 6956
8153 8252
1363 4112
929 3222
684 2446
8602 8007
6627 6295
7845 92
7971 592
8554 1202
5374 691
4082 7622
5713 5782
6813 7710
5673 5296
18 9928
8342 7650
8659 6337
1410 2519
5626 285
7920 3417
4811 2213
3536 5472
6877 4711
2886 1595
6370 3910
9510 5620
9184 5767
2120 1422
7414 981
2082 7879
642 1553
1714 4952
7081 4748
4223 4104
6832 2284
6867 4693
3888 8320
7545 9326
7403 7775
1658 9130
570 1969
3881 6838
9375 5536
103 7335
9203 4912
8825 7477
1675 1149
3102 2319
2488 8020
9758 3611
6134 4692
1348 3244
7685 505
3248 4772
7413 1917
142 921
5530 7057
3434 3036
3348 8560
9465 2243
3524 6034
2594 4434
7220 9352
9809 8256
4577 9778
2612 2072
1573 1544
8437 5141
3870 855
6924 4366
9597 4111
5371 446
5077 2690
1027 5517
4280 823
5227 3810
111 5097
2674 3896
5625 301
6529 3453
9277 8264
1344 3484
7128 3643
5975 7993
1852 3443
5949 9311
8260 3596
1300 2484
4509 5444
1180 3322
1080 3668
1589 4138
1426 9741
2914 6673
2791 2709
1794 1700
6528 4933
6239 5169
2488 3190
8989 9392
7995 9235
2217 258
3135 2768
5675 3443
5121 8293
5452 63
1458 6530
924 8192
7618 4288
3225 1566
1951 907
8793 7093
9893 458
2227 7685
7974 2729
823 2793
7636 9748
5317 6758
980 8722
4452 252
7546 2305
2169 9519
7797 3412
571 9927
6926 1406
2829 2839
8096 4168
9868 497
7475 1401
6712 8267
7310 7497
2948 8320
3982 9580
2393 9542
4667 5738
1387 6637
3338 2525
591 4613
2782 9177
5824 7555
8549 5475
7260 889
8861 6694
6591 5419
333 9630
7726 7797
3632 229
5606 8544
7917 6635
2853 1171
3087 2177
9498 8067
1782 5817
8254 8033
4797 3658
4694 4043
3243 1178
7520 9772
1148 4486
4091 5883
9392 21
6837 4343
2657 3227
4259 880
1451 7724
7846 5319
9629 3333
734 8456
45 217
5119 8251
3736 9660
7745 1107
2214 7736
19 3705
6231 578
9891 4064
4395 6617
5398 8773
7869 2458
1995 856
1311 4638
6171 6496
645 7374
3790 9133
6087 8273
7637 5402
6893 3119
3982 522
4447 9750
3544 886
7099 3411
1255 8009
1778 406
2463 8931
8907 560
7999 1665
5621 5061
3490 1833
5825 594
6504 3700
5315 8678
4588 9453
9783 6709
5609 6675
5824 920
8849 5393
3789 8821
8109 872
1171 9116
2352 200
6111 3878
6222 4378
5977 1460
1872 1849
1280 3150
3417 8329
6255 1536
4488 9335
6542 7594
7507 5721
2694 3642
2931 181
4958 5857
3510 6928
6677 6411
43 1481
8510 4532
5329 1157
1503 5463
6184 3195
5415 1582
6756 6364
4446 2751
2211 433
7858 6357
6946 1680
7710 4357
8610 5532
2724 4041
7790 9945
7908 1971
1141 6398
5217 6298
7277 8472
2764 3140
6178 9348
2992 159
5025 1488
5099 3244
6766 3605
7662 3075
4903 8873
7010 469
3879 3396
2492 3179
9311 2349
575 2051
8572 4221
2353 572
1827 6470
3741 3481
4445 6645
8524 1577
3079 1937
3028 6293
7273 7365
3915 9502
7770 3280
8398 6279
6443 9998
4592 4635
7044 52
3280 1105
9567 5992
391 9018
5120 1852
6804 7969
8078 5895
7020 1923
2236 5254
1677 7139
2452 8361
3027 9662
5557 8116
1588 3446
5391 5804
1637 2772
6940 6719
7600 7290
3252 2022
6041 1643
600 5051
9654 4106
3907 1328
3958 6203
6276 713
7176 6535
897 1891
2990 3632
7820 9587
2776 2367
7610 5785
5854 3890
1119 1488
1546 6499
4627 7395
5544 5092
67 8515
6051 7552
4486 2259
6383 6504
8617 7798
9116 1266
9875 4655
4122 8653
2947 5535
6978 529
7314 2543
7028 9795
7318 6288
9086 9785
402 2931
7484 3848
9465 4113
182 9372
3227 5977
2189 3487
2942 2554
9996 659
6913 3718
1852 5080
4572 3554
3323 9272
159 3801
2611 9763
2708 9736
5204 3547
8000 7649
3158 8902
1852 7514
8415 4261
2651 5510
6670 6426
5175 2863
1442 2905
6642 4751
7183 4263
4357 9533
5218 4462
3749 2255
2556 7570
3633 5505
3316 1479
9342 9048
8087 7057
5682 3479
6591 6624
1735 2035
6485 4191
9966 590
1012 1356
4957 9862
2203 9507
869 1387
1348 8974
4879 3523
5744 5051
6834 5864
7970 2827
5513 3671
7081 9815
9584 4197
2567 8368
9135 3834
6987 9874
6477 6574
8132 9969
7073 5124
5807 4048
963 2160
5751 8426
1396 8985
2815 6148
7128 9326
1935 5613
3144 1978
740 3066
3283 2246
519 5769
4827 1497
5585 6215
6675 9931
8774 7918
4710 1763
9868 7497
8751 3003
9239 3300
3854 1198
3060 6015
6131 3996
6047 2973
2167 3876
6683 5674
8674 7068
6278 5418
4560 7449
5503 3467
5507 1239
680 9106
9238 6112
1218 3752
4032 524
2956 9823
725 958
2175 9562
295 7867
4865 9127
3217 7644
2839 7921
1375 8542
6529 5732
3953 4370
2011 8075
6878 6361
2182 5534
8650 7387
4086 5334
7101 8945
1678 6984
7345 899
8900 7630
9062 3317
1444 2547
3529 176
1785 9929
6536 3540
2669 8739
1782 1340
5345 9145
901 9287
9896 8010
9005 1024
7463 5510
1825 1849
8698 6827
9923 7770
275 2269
8438 4448
1213 362
9929 9536
710 6173
1223 6298
7619 5390
7311 1861
5514 1804
7482 7006
1057 5358
9327 807
6726 7040
1534 6797
6650 593
4813 6415
3631 6894
2735 89
8160 7188
6523 5005
2596 3577
9359 8107
7229 8153
4166 9857
4132 7846
3378 6735
7689 586
6934 7079
7286 2624
5676 3366
534 5922
9169 8139
9969 707
9775 9509
5801 690
4604 6642
6095 4023
5797 3944
9 667
4575 4283
5445 4196
7039 7344
9815 7779
3209 9951
5571 7539
8442 6648
7967 687
1259 4589
7372 7852
9978 5351
567 3572
5006 9900
3465 7008
1616 458
9673 8995
9506 1750
8055 4550
1424 2883
4764 839
5949 4296
5264 7755
9155 4059
3899 8816
971 8045
4622 4988
3557 7465
5690 5795
4289 5176
5592 8266
6707 739
647 5708
511 6240
3821 7853
3017 8563
2483 7218
7697 9577
4069 8874
5771 1058
6114 7638
4670 6615
9305 9829
6406 1100
4466 8267
3253 3424
5616 1725
7135 6843
8133 3013
9875 6628
4802 2586
3242 719
9148 190
6939 1996
1610 9739
8686 4676
8939 9026
8358 719
8402 191
2848 1238
2867 2090
5999 9618
6699 7927
3077 4174
910 5531
8866 1208
2817 9682
3309 3451
2591 3430
7627 4421
7720 63
5522 9334
7709 6301
3613 7679
1987 9505
1841 1624
7490 4995
3842 2766
2355 8951
2130 2194
557 4362
6622 6260
9533 3962
6844 2557
31 6871
6929 6126
1321 7506
4787 8149
9827 2806
5995 2789
8050 1920
8494 669
1053 3382
5164 1594
2304 4166
2161 8837
6497 8393
4358 8227
8017 5225
4015 4850
7087 2173
9535 537
9202 6688
5561 8790
4885 9297
7309 6886
8898 6356
3664 856
2135 7834
7598 5777
1410 3672
4702 8887
6888 6147
8935 5957
7001 2322
3975 6919
6797 3860
6084 2100
4051 6717
3327 1571
7067 7524
4373 9796
4520 1393
1216 2581
6205 3954
3048 6884
4283 2435
5070 8240
2743 6969
7381 8915
810 2777
9023 7246
9756 4956
3680 4675
4471 4195
3972 419
200 9908
8281 2411
6410 7766
8929 8558
8604 7076
6478 1744
7843 938
1033 1751
4197 422
4096 2144
2738 9371
4536 7502
2893 1732
8316 1168
2259 9323
2733 5165
1483 7588
4765 8632
6255 5404
9387 4619
1320 8874
2466 4696
7845 7084
2740 6037
3892 3283
8836 6494
3203 3217
1630 8915
2818 2103
5241 8237
9960 8737
4545 3381
7117 7303
8944 5177
3216 6464
8420 7327
4625 8868
1404 2992
1104 2509
8539 9330
7446 1193
3512 1530
6596 3443
3653 4418
7766 9854
3915 6192
4691 5469
1904 6808
226 5958
8496 5990
4651 4716
2029 8693
230 2114
441 8731
2921 283
1760 3730
9695 3866
720 8416
7998 7225
2004 6271
5970 575
5523 7904
9300 3212
7922 5927
3409 6534
7229 7378
9125 7389
7070 3282
4651 5839
3220 8613
2993 7601
5569 3391
9840 4381
8185 6548
6546 6764
2434 9554
1339 9444
2859 6742
1644 4457
1639 4444
9532 1045
6323 6616
7363 6561
2782 6111
2632 4532
6299 4023
1194 2949
9684 2397
4200 5424
4964 9992
7210 2916
4714 9008
8278 3633
5491 342
1050 9108
9618 7116
1909 170
1473 2155
8192 6757
5602 4671
6797 6815
3758 4873
5036 4441
1143 3225
2617 1819
4381 8518
1258 2726
7223 5212
2550 9113
8250 831
1707 7247
3723 5225
3706 1301
4685 9088
5313 7841
3571 5705
1427 7922
37 7970
5182 9793
2657 3976
1379 1492
5527 2963
6661 2518
2928 8583
4240 2597
3125 2966
4214 3822
759 8330
2070 6121
3519 6187
8735 826
5416 4437
7445 7215
7035 8936
2632 3055
8489 7266
1029 3605
2921 3572
3727 6185
9512 6853
2954 71
825 628
2181 4116
9706 5910
9152 4592
2185 8741
1429 7938
3682 6562
2098 3299
7992 2325
6851 369
8498 7403
2496 2166
2837 5904
511 8158
1411 6486
8471 8995
7283 1239
4340 3806
737 2497
2272 9915
6306 1405
9778 9375
8038 5998
4912 8756
8471 9718
2556 5751
8949 174
7524 6021
9116 8041
7739 6009
8042 3483
1790 3780
3924 4868
8290 4656
9026 1170
80 3350
1311 6675
8915 9947
3193 446
2073 7492
6084 2243
3857 1826
1588 7575
7572 3817
6109 1152
9140 7122
3402 400
111 9179
2653 3283
1763 868
2560 8459
9242 6350
7975 7145
695 772
2779 7882
3232 9742
2036 771
8500 9951
7579 1512
6746 4175
7781 4261
6114 373
3563 752
8143 9945
8872 3869
7508 7429
9939 8497
8629 7591
1280 9398
5644 576
1330 8442
583 8437
4940 6921
8659 853
8696 5614
6521 6644
7460 6742
3683 3608
6064 5405
3298 6623
5856 685
2559 2953
1592 7324
68 5569
1778 6324
7409 4752
2801 4764
8555 5996
1448 6992
9627 5151
9212 8503
5606 2780
7594 9296
3742 10000
7982 1831
7169 5212
9487 3364
7728 3188
9229 3157
1439 1741
1988 1056
2782 1890
6391 7633
2469 9342
6461 6533
4658 9694
4975 7620
972 7113
8400 9065
9090 422
6857 1677
7744 6803
8564 5743
1210 4112
2150 1267
5271 3
9522 190
57 5610
5321 9384
1282 2613
4564 8219
479 6628
3078 9585
4809 3939
9180 9148
9120 319
7866 6611
5067 8435
7820 5794
722 5178
7773 5562
5462 8424
3728 7966
7874 1948
995 3331
4792 8962
7398 1046
4037 8071
666 9501
6565 8366
4204 8525
7047 7657
9760 6059
1533 7785
8188 9821
1648 2365
7286 1408
5939 9155
2299 2309
8931 183
4041 1751
5759 4703
9405 5482
8710 2975
910 8734
5856 3671
2654 7531
9388 7437
4233 1407
4837 958
4148 5264
6884 5240
1446 3344
317 886
7740 4460
1879 187
7491 4772
2551 9015
6741 8534
9655 8418
416 2353
6133 6718
1870 972
6629 8270
6738 5984
1502 4158
383 4171
4049 3516
6885 4504
446 2111
7933 3536
516 7523
952 1966
8991 1034
5405 1067
389 3786
6737 4537
1735 5844
6136 6001
9349 4476
4147 1614
2774 4849
992 4136
910 4326
7446 9408
4655 1999
9449 9506
7562 295
1263 3303
8971 6725
589 1100
9297 477
7214 1813
9567 1720
480 6385
1719 9469
3 8971
9968 6282
7045 3267
6738 8358
8987 3055
9896 8996
1785 7510
4755 2401
8268 3256
3106 4906
5961 4569
8896 3133
9559 6277
2631 9086
2622 7860
2661 2518
6584 8338
6527 4850
5971 5091
4438 2811
6315 8198
5147 8120
5469 4167
5729 4858
1254 7383
9258 9434
9728 2338
9431 61
7391 1168
9248 8648
9473 4927
9430 7617
8069 6866
3037 8017
8872 5687
1910 8532
5838 2565
766 7261
7589 5122
1603 9325
4852 7830
9026 403
3768 2110
6023 5325
7338 8244
4635 8389
3035 7162
8058 5764
3165 5380
9022 6317
2732 6330
4978 7614
1973 4509
8151 2583
1542 1156
1373 6124
7610 8058
938 5049
9001 4463
3729 1153
5175 8586
5987 4652
5103 5220
8867 2655
1032 3333
6195 8798
1149 4095
4680 2603
1540 3246
1197 3083
5752 2646
2369 6445
418 6328
2177 7578
5509 231
7156 7191
3922 2584
8691 7870
9812 4259
3796 9820
454 5770
8393 7459
5903 6400
6877 3098
4547 9043
1669 7868
9778 9416
3941 6348
1317 3726
3837 9938
4553 1293
6680 2516
8677 5357
8461 3385
153 4082
5100 2817
6757 7486
8326 7329
6096 1737
5203 2375
9759 1190
2294 9527
6287 3371
3928 9562
5007 3541
502 4924
9772 1347
5806 1012
9782 8421
101 590
8861 1100
3812 2739
6941 9277
6703 7768
460 8777
9788 7911
6297 5653
733 344
3744 2211
6190 1134
2296 8467
7395 1201
2796 2599
916 9925
4359 1727
2066 7826
6816 855
9488 8384
9946 5333
966 2152
2097 6177
8769 7788
1114 179
647 6643
1567 5971
1799 3152
9109 4956
1458 7997
3927 5625
5958 5195
6921 9054
3304 6056
2178 6744
1227 8232
7863 1302
5081 853
1897 8612
7079 9672
6458 4348
8080 268
2560 8733
991 7997
9861 4962
1443 6388
9887 3305
9892 3741
8509 6677
5239 1378
8541 8766
6537 8709
7094 1523
51 2185
4498 158
2505 2490
2792 8330
5927 2516
7215 1271
846 6406
8539 9125
118 2693
5714 4884
619 4599
4842 5095
2876 433
6851 3712
1047 1845
231 3787
7365 5152
1349 976
421 9019
176 1696
2979 8837
4277 7887
2166 1666
4835 867
5275 7372
105 4453
1642 1545
6409 3172
5113 7476
9378 518
4428 4961
5985 8810
1436 9626
5733 1152
9975 3839
2482 5381
3004 5699
4561 6688
5574 239
2146 4041
6460 5516
7157 5696
3925 1389
2307 990
1017 4057
3018 1543
5809 6907
8275 2488
3561 2902
4182 3349
858 1845
8076 5789
3218 8931
7807 17
6816 7983
2514 80
4264 2613
7266 2077
4978 5951
8682 2653
9728 4808
6183 6207
3002 1763
3123 3879
5122 2712
8719 5885
1000 1508
8188 9111
1009 505
6549 6006
2636 8751
8518 3893
2310 101
7225 7812
5698 5003
3809 6780
7071 5260
3262 865
2132 4778
5156 4319
9112 6933
891 6155
4022 706
8303 3795
7434 9853
8717 3301
3512 8103
4577 5608
8851 7153
5793 8626
9915 498
5219 3329
5568 1223
7214 6020
3772 81
1096 7951
7469 1151
3950 5506
8255 399
8943 3241
2402 8755
8814 2213
689 5751
5053 1832
5419 6181
7999 1043
5650 7413
7380 9872
7325 9039
2167 909
9149 5752
8355 416
1856 5438
6284 5690
7957 8903
694 6365
4294 1756
4514 4029
5952 6784
8101 2213
7687 8136
5460 5476
1581 1320
1896 7101
3045 8219
793 5973
2424 3095
175 5604
393 4988
8373 2181
5381 775
342 3767
6133 550
949 4817
3219 5499
2169 4704
8594 7153
5275 8897
548 3424
4512 941
4870 3451
9950 4907
3254 1266
9652 5884
2554 8089
4488 1706
3913 8426
2891 6184
4495 3565
2954 9911
3102 1339
7737 5928
7738 5910
7654 3707
5104 923
3919 6709
9221 3020
1033 5201
8941 8857
8809 5348
3840 1071
4235 9478
1365 9859
3220 7388
8314 8735
6099 4944
4137 655
6243 6578
1888 7872
4954 6181
4110 201
8389 8710
4576 2755
87 4556
2354 9912
1339 290
7972 2345
9599 594
1193 3677
5517 2173
9944 4188
140 5435
2077 3093
1881 2487
5418 4184
2288 4621
4061 3588
3958 9723
4334 1644
1123 9367
6914 4638
2568 1530
1762 4797
2693 3552
4472 8272
2423 5976
9909 2603
6957 8106
2254 5170
118 3675
2089 8529
8637 5908
7615 5508
3605 7011
3245 6451
3458 9076
3378 6130
4158 4766
3231 1492
1921 6614
9145 4841
5885 2782
6663 2560
2481 924
5814 7923
2547 4272
600 3561
2396 533
7765 2022
7501 5689
6628 2659
478 6180
8203 6594
3149 5567
6261 3033
2334 5355
1487 8938
909 4480
1570 8206
338 2596
9718 522
2727 2919
6330 5127
5808 3713
8094 1151
3961 7026
7612 9957
6570 5323
1376 1837
9749 6159
7743 1622
2680 1197
4746 8985
6346 3013
6583 2733
6144 292
3476 7165
150 6340
365 5782
4040 5918
7489 9292
8209 7308
857 678
5105 466
392 8071
1545 3614
6853 453
785 1271
3059 8877
7477 9233
3993 6261
967 5360
1272 4004
9403 7368
8045 5843
525 3660
2105 8296
5059 6544
4692 4318
4767 4378
5491 7112
5285 6607
6885 4921
2443 9696
134 4892
7129 1896
3608 2566
6272 6554
4316 5557
8318 7187
1645 1024
3207 8735
7698 4059
8755 3413
977 7291
1514 8793
5024 7115
4925 6886
7736 4884
5686 6895
5863 7696
8929 2261
6528 4612
8481 4432
8235 9671
4006 6171
5157 1361
5799 5102
6411 952
3945 2960
1146 8812
9 6621
8399 6049
3234 9081
9504 764
802 4457
9172 1400
4818 5323
8004 8182
3128 6353
8809 3858
6692 1628
5458 7659
7042 5315
7833 5122
5753 5544
7553 1116
5841 9918
8857 1424
6848 857
2709 2607
4838 1892
8739 9776
427 9296
237 3387
1444 6003
77 6814
7457 6629
1117 5699
1974 9592
6349 2499
1751 3423
5931 6573
7426 5399
7168 1938
8520 1642
2239 4392
6653 6838
2560 8767
8696 6110
6022 8861
8723 3639
8731 8679
5205 5623
1975 4277
7356 3828
5562 1139
3993 3350
6358 6579
2456 1637
1414 7789
2489 7978
6227 3987
8274 1896
3611 5886
4176 3342
2304 7035
6374 8433
9470 6778
1092 7402
395 9577
7362 2057
6862 2110
2715 7993
5970 5793
8465 7155
6763 1824
4304 9750
6635 135
5640 2348
5710 7016
4612 5220
11 71
7412 5959
5751 952
4530 4103
3720 8455
609 2381
1348 4144
7994 3684
9464 6650
117 1339
6718 3518
5915 6278
1933 8453
4907 7379
4685 9499
1435 3747
185 5034
5157 9400
7890 3905
9491 8092
8959 7245
9437 7251
1295 3227
3407 1140
7690 7474
654 2936
5029 4583
1181 6691
8203 1281
1693 7883
1468 5406
7110 9661
4373 8195
7951 9798
668 2745
3507 5337
4046 6512
2081 4232
1898 3622
5544 117
5304 3680
1451 3655
1264 7877
8969 404
4839 9691
9563 7464
467 9075
9873 7067
438 1025
5923 8250
9323 7646
9222 199
3233 2237
1203 2494
1707 5496
614 966
7443 6543
6646 3328
4949 8123
3194 5762
8737 9231
4811 2603
9362 8325
5196 5020
4026 4251
6161 9872
4873 9462
8789 1144
7531 6787
3402 5344
5561 2556
8178 9867
5345 7793
7872 2813
2064 3407
1962 6702
4330 9243
1539 6457
1749 1797
553 891
6300 7213
626 7801
7584 3040
4506 1673
4981 8755
6178 5151
6772 7023
3030 5971
5333 4810
7335 4882
4228 6004
8774 9206
6251 9146
1107 8245
2775 6270
1883 1912
4568 2152
8786 9273
2226 2189
3206 1327
6589 6060
7932 4177
4642 9346
8818 1143
4915 8882
887 5795
2948 7029
102 1117
4050 209
3490 4904
478 3340
6172 1380
7134 7449
1334 1297
1978 6927
4942 7232
5420 6821
5352 2774
5224 2417
9477 8541
7758 7366
9524 6197
4100 8281
601 1845
4711 1739
9679 492
6564 9223
7192 7473
7562 6963
1289 4850
851 2750
3081 2292
849 3092
7661 8175
5424 172
3481 4996
4427 5946
280 9326
4531 9785
5887 84
4515 2974
9817 6217
7151 956
7925 5160
152 1401
5399 6334
4475 3975
8916 3545
3249 9828
4326 1155
7717 4706
197 4455
1296 5036
1428 3938
1643 413
8712 4347
5102 3007
6550 8555
7482 7588
3767 5121
9487 5797
8485 4015
3419 9463
9566 7745
8736 213
9948 4018
1295 7977
4646 4136
8767 5284
5030 3835
3106 1771
7873 7673
9470 6505
9633 3595
958 9281
203 888
4370 4695
7141 9645
67 2133
6349 9734
9910 2307
2984 8497
9740 6262
752 3467
8948 2519
8346 4188
7820 3343
8826 6837
887 6939
5371 2359
7695 7683
6848 2340
4510 6623
6425 1028
6213 9373
9074 7187
2057 1804
3072 915
6669 4080
5337 1376
8379 4666
836 8730
2397 2043
9497 8555
8385 4541
8108 3421
9355 4607
5994 6430
4308 5845
3523 4391
7574 1875
5555 5329
2707 2129
9691 1318
1742 8406
5168 2635
6979 5183
5689 8754
7821 907
8409 2586
9980 6192
3513 8521
8834 1415
4967 3121
5937 6322
9271 503
8992 4127
8850 5550
685 8807
7486 2962
7481 8786
287 6768
9002 1650
8420 3246
7943 6579
4421 2799
4253 222
26 4083
3884 5199
5452 9181
9371 9374
1082 9008
1133 7347
7885 2812
9218 9658
2948 4851
9508 29
3146 5734
1121 424
6796 2859
8517 6746
3928 5103
64 929
532 7729
3852 700
9413 1525
6934 4460
2971 4783
8196 1986
2809 895
4789 5041
4985 8353
8926 9458
7917 7312
4140 7045
2663 1215
6138 2236
3701 1260
448 6659
641 30
6279 1292
874 4544
6647 8159
6589 2618
242 9238
2877 5532
163 3014
3576 3502
1437 1908
6832 6461
3329 6033
2282 463
2671 4654
787 1860
6056 2554
2995 9040
4800 8533
4831 8966
1492 2333
5671 2543
3134 7772
6926 963
3228 3235
5289 9641
7578 4290
7403 5093
2786 9413
5892 4133
6436 9185
4978 3142
5767 1098
7120 3225
4771 4198
12 9239
4369 9074
1073 8061
8972 1496
1326 6063
5327 1478
4329 2956
764 9375
2881 4494
8327 3866
8688 6957
3474 6123
1345 2702
7617 3310
9 8383
737 8255
5759 3532
2512 825
3564 5659
4019 7249
37 2844
3380 8169
9774 3526
155 8272
7133 1387
16 7179
9397 4421
2413 5297
2029 9348
7682 8758
3961 9487
7743 6460
2205 517
6184 6213
8930 7696
5408 646
8386 7310
6481 7990
5620 3462
2335 9109
9585 9491
7987 2438
7214 6853
2552 3495
7888 6972
1494 5890
130 848
1627 1538
1007 7704
3280 1394
931 6427
6141 8904
9211 8918
7227 3540
3641 5380
5941 5412
4721 8362
6969 9189
45 8968
9833 8861
646 3847
6447 3054
4146 925
9509 9153
6651 5206
7687 7653
2211 4698
9741 9149
2112 9403
2278 1912
8936 6646
3695 776
2881 5211
5500 5416
6346 6445
2794 4583
2416 8107
919 2630
3927 3321
8976 940
6798 8960
9332 390
465 7110
1246 2445
556 7589
168 6743
7126 1375
6379 6124
2166 3053
6201 5854
326 1148
4939 2657
3068 9618
1975 1870
2918 2289
287 9511
7993 5896
8692 7948
8983 1300
1120 1908
2173 2474
3946 2836
9347 9208
3614 4777
6237 1275
3467 2165
3291 4969
423 1059
9175 3693
866 4588
4449 3176
583 8634
7820 8264
3212 3348
3647 8918
2754 7666
1605 6633
3011 2742
92 9515
947 1435
8556 8488
7112 5690
4560 4641
9439 2637
7171 1022
324 1922
3090 4164
304 127
5936 5330
1756 6106
2380 4883
4684 3242
9123 6597
1216 7175
2635 935
933 3742
7149 8427
8767 2764
9836 5758
5513 5245
9894 6160
8877 8458
2151 8878
9836 9960
8633 5813
1717 7575
633 7243
8381 7005
8266 1201
2647 9251
1453 5987
2985 2146
3506 6750
6196 7951
4736 4778
3795 1323
5344 810
141 8467
6607 6088
2345 6987
6446 8795
2299 7221
4605 201
2290 5537
5683 6791
8177 4485
7008 4705
1221 7578
7963 8013
3427 8810
8577 3357
464 9438
1705 7149
5877 1666
6965 6612
5513 2095
4092 5273
4573 902
2427 3044
5446 1843
3116 8421
8158 4940
2984 5424
7515 3962
3929 8575
6174 6865
9729 5307
9959 7170
5413 6847
8879 8090
2109 4123
6767 3434
4504 8606
7284 3609
7464 9147
2686 2280
7026 1226
6523 7074
9855 296
1649 6375
1954 7364
674 6374
9953 1266
3647 9539
8933 5202
1282 3860
3061 7944
2597 7426
8625 5523
5414 7459
6058 2564
3082 6960
7110 4715
9391 5304
423 1474
4603 8267
4938 6379
247 9338
2466 2368
1598 2500
7618 326
448 616
4764 8507
7961 8190
1321 3430
3417 6870
5931 1395
2926 5009
6235 3910
8995 7265
9698 57
1270 1519
2538 2088
3561 7958
9972 3775
7046 1785
9773 7052
2404 2427
1577 7888
3357 7866
7829 873
9639 6356
4468 6634
5693 5235
2865 1075
1210 628
6451 2260
3893 1084
7963 5475
3936 4706
5945 3676
8965 7999
6423 5567
939 1789
185 2840
1015 7060
6501 4278
1166 6672
7014 5536
2658 4411
7044 4877
6647 5396
3122 6966
5333 2790
6314 138
5130 2877
1239 9402
4715 1673
7084 2039
4454 674
838 535
2519 2084
5649 7943
4585 7327
3744 9025
3826 9209
5432 237
1860 9270
6736 211
5451 1295
769 9283
9772 711
72 2893
3193 7070
6741 7985
396 8280
641 5340
6829 8746
4784 2689
8424 4078
1149 4508
1796 2504
9402 3537
7721 7811
6806 2754
2381 6035
7577 2472
9919 7872
9526 1823
2683 3613
2044 5289
1999 5021
9596 7134
1961 2445
111 5279
8503 6805
7769 3541
2312 9594
2473 4759
5574 7901
6715 6979
7968 2424
9661 7533
2510 478
6099 3652
6799 9964
1959 7047
2343 8212
7058 2263
1421 8979
6217 6464
1583 4278
5365 1398
8641 562
2832 2403
793 3195
3442 1480
624 1643
6312 8271
8718 6465
2618 6496
1500 4704
8192 1569
9066 361
7720 7235
7080 7783
3491 5403
7981 9233
5341 4503
4775 1175
3607 9417
2846 9400
5880 7200
6671 6166
1897 6605
7309 1615
5780 2861
5443 3547
7212 820
5930 8143
3661 5041
6625 6944
3419 4915
1879 1290
4605 6263
5677 4005
7413 9272
3942 8002
1563 9569
8749 6140
6825 6916
7324 8141
4070 4653
8473 7213
1040 4833
4953 9789
3474 6242
912 1725
7344 820
6742 2668
4730 9500
6108 6545
3092 6201
4631 4568
35 835
6801 9204
5602 4018
625 8169
1942 670
9625 8611
864 3497
5107 5289
9868 1950
8559 2167
6117 1391
1933 6215
1855 4165
2892 6283
4119 4657
8597 724
1272 6861
6879 6376
9866 3603
3471 3755
7487 8309
4998 3372
5169 3363
7957 3687
2378 9459
6651 4633
9331 3874
2286 9999
4249 8250
7688 7370
7112 7844
6271 4628
8510 8685
5730 6762
1000 6369
9974 4547
2268 4742
768 2759
4754 5219
1890 1674
8157 8090
7213 5906
7134 6622
7563 2898
7162 5896
8136 5829
3416 4454
9277 1877
675 684
9046 7937
7421 2614
765 5171
2555 1300
7847 4272
6472 873
3066 8655
3202 2248
5725 934
6922 7247
4137 3767
3739 4586
2419 2117
4053 9548
3435 3296
7842 1408
2569 3667
1525 8640
6256 5847
4692 7173
5010 2680
6228 25
3911 5058
3034 2575
7926 2034
8461 9989
9378 8232
2422 5028
1276 5282
3994 6327
1010 8004
9597 9148
6664 2648
5885 8120
5305 164
3039 4139
2838 5278
5973 1500
8238 2972
763 4053
8820 3733
3595 2821
1819 8542
5450 316
4263 5361
407 7257
7657 1309
5909 4367
6720 6850
6010 9123
9008 3531
5186 2389
6044 976
5663 716
5138 9887
2242 4702
1535 1118
6778 2814
3811 4464
9180 1270
8758 9778
9886 6597
5943 1655
4234 8490
3605 3207
9755 3153
7501 1505
7017 7058
2358 4672
9730 8100
4999 5993
6279 9681
7297 4452
9375 2711
7009 5721
7268 1594
7384 262
8488 187
9694 7031
7866 2222
2329 4326
6871 2018
2839 1559
2078 8277
5321 3050
1502 9747
457 2963
917 1346
6068 9317
9437 1793
5783 3526
5760 8742
7242 8426
6627 7785
4808 6336
9024 9059
9257 5965
8799 1407
1011 5340
1722 5517
4777 7209
137 1347
4266 270
1668 7007
7644 3657
2413 4264
3910 4514
5050 9726
6280 7262
297 1044
1497 1731
7770 9097
7407 2636
9518 1388
4759 4219
9088 9776
9455 8081
947 1016
6598 9580
953 4279
5014 1312
5136 3297
3356 8074
7028 8430
3458 972
7976 9654
6050 52
7337 5801
182 268
1910 2532
517 2302
9770 168
3849 1372
5187 9682
7128 9842
8063 2857
3072 4288
2914 5817
6205 3883
9382 7618
3337 1295
7964 5516
6910 5581
9835 7097
913 5228
8145 933
8020 1694
792 7485
1810 2938
3511 5442
291 9356
6976 4838
8878 587
207 4567
7835 3935
253 3148
1471 4150
6293 3723
283 5397
101 8185
4006 2701
4578 8539
7874 309
7211 5734
355 3452
2050 3526
396 9553
3149 3066
7945 5281
4301 6375
2620 823
9855 1855
9826 6851
9473 1040
8300 631
9046 4324
7522 3155
2691 4
5890 7451
2614 9957
4711 4819
1465 6204
1714 3516
999 2852
1531 9132
8124 6295
8650 2199
9013 6466
6793 6234
1949 2881
3013 2618
8954 8710
9932 4493
7439 3272
2719 7704
7226 7914
9977 453
2605 3150
1824 9006
2201 8041
6163 6330
5229 5220
6857 6666
9028 53
9036 9208
4926 4217
2688 2948
7681 3436
2105 8590
9419 5101
1405 3510
1759 9108
1906 5356
1779 3978
683 8500
1831 177
1783 7074
8206 8792
4477 4323
1958 5235
5072 9852
1883 8670
5562 7369
2585 8804
7391 5686
6078 1349
7072 7061
9559 8838
6028 2198
109 941
155 2964
2463 3140
1090 7885
8099 8225
2450 4287
5304 5866
2236 6140
4474 1089
7783 6070
8367 7819
1717 4973
6416 815
551 5368
1057 5359
7855 8340
2290 2360
3325 1307
7421 2664
1296 9927
2937 6171
8566 4584
7877 4070
7054 1821
2015 3169
4191 8304
9572 2200
3673 5698
2658 2487
775 2524
2222 8852
7023 1490
4862 4776
6294 2466
3505 3330
2632 2394
2558 1925
9070 3096
9514 7650
8711 9051
2806 3922
8395 6831
1115 6782
6261 5602
150 8283
5933 5478
7878 2635
3417 1888
1173 7890
9645 3544
6040 5186
786 1042
3720 4133
729 7002
5208 6176
6995 328
3984 6080
2482 8678
4218 8108
3964 830
7708 3339
8960 5644
3575 3550
936 4693
1602 9967
4292 3056
5733 2345
473 4450
9804 7654
2744 6636
1768 2060
5212 9271
6147 9700
5499 3220
1367 5487
1102 709
6966 309
9441 6199
9150 3478
1488 754
9196 7711
3038 6562
1314 3412
1604 5500
4907 4647
6713 3851
1143 85
8400 762
8236 9341
418 6519
2847 2134
8641 6380
6707 7548
3204 1701
758 9508
6307 2705
951 5530
8442 9419
5085 6735
4509 6345
2357 2993
473 9267
163 9013
5780 7957
771 249
8471 68
1394 8460
7211 3143
1289 4437
5370 7607
8351 1773
8884 380
4484 7236
2852 6861
7041 6648
3276 5143
4005 4714
2273 5438
4727 9179
3609 9411
3551 5886
6493 7119
8648 8981
2951 3626
4052 8708
2895 3746
4942 3625
8018 8567
4867 7220
1530 2748
776 7674
6575 4922
3897 1965
989 7579
7931 9239
2453 1298
7565 6760
765 9522
2151 1944
6637 6686
6064 5308
8727 4622
1091 6863
8491 5156
2184 3911
1641 5009
9564 7292
8197 9186
9095 3743
7284 8115
8768 6363
5079 1099
4437 2163
6424 9685
2418 1303
507 3503
5123 8808
9157 4668
4983 1866
4814 5344
1699 3569
8612 3584
5833 1952
4879 2202
6726 3430
8964 5931
6526 918
8237 1251
2089 7752
8973 4946
444 5484
787 134
7064 9127
2975 901
9667 2241
5426 9902
7289 8052
410 6900
2366 6311
2018 2508
4702 8700
6402 4185
7906 8294
1737 5451
4891 205
2588 2601
2592 3167
1654 1361
1360 7252
8885 5200
2402 4348
9407 8406
2370 3750
6216 649
9358 5994
8106 5949
3006 4303
7068 7193
1780 4983
4180 4771
8073 4092
3067 1884
334 7425
7644 6208
1369 1441
2511 7291
2877 201
5755 3060
199 653
9485 3008
527 3572
2000 8221
2218 8691
1717 4821
7451 5778
4942 3426
8613 7856
1232 7755
9766 6152
3414 4263
4573 5594
4705 6555
7487 9358
3528 778
2248 5611
6917 5376
5131 2340
4289 736
8932 4973
7778 2506
5084 3783
9368 8344
8520 31
5638 3729
8339 9553
3434 7579
5377 3377
8629 5933
9724 6836
506 8922
8622 5386
7445 4465
2870 2059
5004 6139
2724 2594
8790 6523
8281 5488
2169 4395
2548 1748
1164 923
6827 4297
1865 7580
6376 1946
5164 898
3373 6187
7184 7414
2996 2099
4625 5732
3003 6172
9704 1474
4598 4942
3095 5030
9171 6391
2655 9082
8327 1119
4087 2619
8191 7672
9947 2422
7290 1235
9786 2553
8094 6534
9922 6630
2137 355
6570 1067
4979 2285
9355 1009
2477 2954
4240 8860
3143 8530
4545 8683
7112 3084
116 4862
2606 6507
642 3084
3589 6853
7018 6811
411 4586
5015 5871
9058 5615
4970 4585
4009 247
182 1149
5244 7291
3067 5125
4417 2776
813 702
7623 6252
3722 6478
221 1433
8597 362
7249 8552
9178 3869
6812 8926
8070 7850
5810 1927
3315 8081
8354 9871
8484 3299
7462 148
9199 7462
375 4542
6146 8573
7194 745
6853 7750
2044 2131
6928 2737
7308 5473
1117 7256
664 1414
9992 5103
9499 9619
9942 8117
9442 4098
9300 1560
1102 7266
4603 8320
9508 5783
5898 9698
5621 8072
9193 606
6865 6097
1985 5221
8980 7284
966 1379
1429 5495
1346 6255
4949 7974
521 6983
2072 7550
5504 3024
4193 5348
9540 4991
4798 5415
9172 7533
4843 1231
9277 2783
451 5967
3817 8344
5722 8473
3297 7174
1773 27
5966 2217
5080 4998
3672 1314
8347 1336
3362 1495
8595 5588
2334 4666
4409 2778
5245 7872
9320 765
275 2886
8793 308
5542 263
4572 4089
8004 5931
2955 138
6692 9325
3505 420
4957 1016
6374 2045
794 5644
5218 9528
9162 1203
1782 9268
8216 783
8076 3937
3878 7595
3911 8383
5646 8707
7227 8717
7691 9112
3126 9914
9566 8767
3731 1998
8186 7915
588 3467
141 9356
547 431
510 3780
4404 8452
2173 1506
9868 1759
8243 4540
4710 6282
4691 8071
1353 5511
9112 7026
7945 6137
5535 2193
1080 3705
9757 9487
5330 6699
5292 1547
4526 5879
3475 9896
570 1548
8169 9133
7306 1597
6005 3587
5262 5955
5904 5741
7223 3825
550 7583
1281 9839
6529 2641
1212 5365
1713 1437
9318 6414
8773 7532
8152 1996
8138 8358
4210 9230
2547 7622
8813 4519
281 6698
1412 8625
3118 2077
2061 1475
8743 5638
8261 4571
8732 4892
2533 1339
9511 7033
8485 7338
3261 3379
8760 8884
4787 1167
8412 3483
7823 8040
4653 570
8133 1730
8561 9448
2367 1690
1435 3422
3475 556
8604 931
3849 2787
6145 8557
4860 9342
8917 353
3832 9238
2515 4578
8365 226
7231 1027
9768 4792
6283 3829
5053 2080
6529 6387
5562 5196
305 3640
7276 6549
4965 7766
3114 4934
1262 4514
6103 4510
9658 8004
6514 6717
4237 6390
5591 3050
2778 2804
5574 2126
9125 9189
4294 5527
1025 3206
4086 7416
2279 9938
8517 9973
6155 479
6423 7347
4779 5777
7593 1605
4810 7684
5383 4757
6019 5173
7321 6882
8624 6612
690 4717
4558 766
5858 5391
7133 4714
6988 8108
1837 2491
8800 3179
5314 9239
9309 9525
9520 2841
5172 6899
7944 382
6497 9798
1910 823
5402 6485
2426 7233
6270 6289
3736 2032
6992 8601
307 1581
7819 8805
6138 6493
5937 4077
8851 5508
3907 2167
4668 95
9120 2849
8693 276
4617 1113
1593 9634
7590 5293
1839 2062
7993 8918
4548 515
1918 2678
5447 2242
3302 4401
625 9996
3785 3370
2922 6556
6319 6974
1098 6089
4013 2530
3868 1523
2088 3218
4096 2047
9588 4900
3976 2237
2414 2530
145 8913
1302 5286
8822 7480
3012 9088
9878 3519
9504 9622
3047 5437
3522 8747
7531 7044
4731 3821
4594 300
94 9838
1826 2669
3248 6374
4718 7364
8873 5544
5702 1251
1824 6400
2813 6241
920 4433
8261 9412
7415 6400
5790 5305
5091 5194
3287 9199
5692 8374
9627 3205
243 5682
3761 7182
7169 8287
1991 5252
3503 7434
3685 7230
347 8808
7526 3170
5604 4051
9922 3201
4920 6875
4351 391
9938 8544
7479 8906
7997 6223
9413 2813
7144 8205
9448 111
6240 5975
9896 4272
2738 8079
3485 5211
9324 1487
4265 5055
4659 4627
2994 5697
4983 8710
4539 9446
2695 7980
7213 3947
2659 4287
932 7636
9621 5693
8296 5316
5955 6190
570 1415
6751 881
2577 7970
9230 2689
1523 2373
8257 5800
5913 773
5287 5144
285 5605
54 5029
5364 7200
4814 1870
7369 1349
7011 3846
1928 9261
8690 8252
5231 7572
4316 6545
7633 4795
7022 8295
6538 7318
8643 2878
2672 6461
2001 7893
20 246
4962 283
5965 9438
6775 2141
8905 5311
5263 1485
5762 7694
6515 3838
2996 639
3226 1572
4753 3706
2120 8736
9953 1859
5840 1700
7170 8993
6059 7172
5219 7515
1690 1261
6317 7971
7308 4235
4045 9040
9041 4874
7548 2384
3940 2650
6590 7702
6435 8552
8736 7253
9584 2594
1590 5716
653 2715
2153 6169
6234 637
133 6361
5532 315
349 2097
3693 359
8345 4811
8344 5003
2758 4581
4481 4482
4663 5191
6597 6372
7140 6329
2735 7527
7296 1364
4419 4874
9166 6428
6251 5211
6681 2939
7002 8061
7287 4323
1061 8754
6224 998
5963 168
4898 3230
4346 8209
9821 3358
5421 7974
4529 9095
2652 251
509 2246
9753 3791
662 92
5018 3894
4040 1875
2244 819
6882 9572
7076 7453
2466 5098
1581 9282
5519 7245
9787 3147
4085 3246
8427 4350
6938 7433
2688 8347
950 5430
4033 8984
5747 9561
1524 9990
4056 8302
6720 6949
3983 4253
1781 9383
3982 647
8772 945
8392 5489
9707 6334
8332 3451
2922 7499
1455 4578
7582 1080
5046 1342
864 7727
5479 6847
7915 9055
306 8983
8363 4016
4258 5619
3264 1844
4063 549
8779 8303
4801 3822
9161 6204
8250 3663
1123 2541
4758 7974
4822 6738
1420 5572
3163 5358
7911 9094
610 5338
3083 9506
7932 5533
5036 4047
8275 5029
8833 5882
6263 5231
7815 4599
6558 8755
9971 1343
8401 4130
4223 8239
5640 9241
5837 8075
4456 9669
6817 7872
213 1151
5859 9020
746 5444
3927 4603
3422 9865
2546 5673
7756 4991
990 6073
4996 5086
2581 4985
6852 9277
2817 7053
918 5664
5227 6731
4932 6887
8559 7300
6806 6157
97 2161
7600 8561
6811 6472
9560 1297
3703 1227
6480 834
5219 8480
8229 9478
4720 4928
870 642
3793 1307
5570 6371
783 716
3413 3795
503 9114
1574 3058
6826 6281
9889 1496
2364 6360
7210 5863
6667 664
1741 2891
9548 785
699 4471
2752 1609
6918 6869
5964 4762
9276 2451
6093 1049
2120 3212
4821 373
7665 8921
9082 4052
1157 5323
1097 5984
1981 3472
2811 5932
9099 1548
7695 252
2549 3411
2773 546
5095 436
9065 8983
1268 1671
91 2826
9384 2922
5964 546
3428 853
5617 9845
1724 420
139 1539
309 8397
7915 9630
4153 9502
5471 8016
5525 5070
3899 5028
1888 7787
4546 4989
9592 4874
2523 1244
6532 7762
5840 9980
680 1845
3297 827
2631 5025
4737 4421
6137 9703
5544 8532
9191 9653
2325 4985
7550 3962
4084 1970
1794 7568
1056 703
3351 2151
8980 8137
2379 7711
1083 832
6796 1781
1210 348
7715 8813
6190 4164
1433 9629
4217 3745
9050 2967
5435 8603
6468 9601
7065 7658
6343 1539
3891 7321
5014 1888
6772 8574
6509 2480
2488 8717
6012 6733
2986 6600
9341 1931
6508 5811
2684 2619
7388 9700
9035 1
6978 2708
1855 5496
4483 7743
8653 4699
2630 3449
8365 5510
7840 5860
8357 6859
9270 6636
7948 814
7491 714
7786 2538
9503 3346
7173 4316
8951 377
5889 3750
5416 1287
9941 2963
8956 6002
5709 9112
5589 3480
989 7928
1961 4972
2872 2802
4963 6437
8490 7302
8494 9363
9107 1684
6423 5437
1264 3025
8332 6033
4576 1826
7363 1094
391 1685
1538 8401
3847 6170
3482 194
3677 7123
707 8117
5293 3805
46 8400
6783 3486
7119 5030
2433 2629
8978 9392
3541 7615
2282 9559
5067 1657
7146 1946
73 7187
8384 1446
6370 692
8546 6351
1554 1470
2725 7391
8632 5040
8717 8813
5188 5161
4059 3822
8317 6785
2973 8874
5117 5279
7114 8298
28 8888
7674 4974
7193 8784
2912 8404
1398 838
9917 8491
4697 3899
2850 1155
4094 2995
5635 5260
4701 6436
8734 1605
3353 8118
7673 2978
1265 7928
8833 2042
5454 9426
3739 5887
2900 5795
1203 3506
8691 1277
6181 7536
5645 7720
1518 95
1104 2380
4347 6654
9873 1680
8681 1079
9775 394
5589 9892
1714 475
4660 6710
9732 7198
5573 5016
8061 7739
3147 4313
6801 503
4476 4136
3413 3668
7696 3270
8687 3751
5200 9972
290 9658
9869 5064
8242 1075
9694 4532
4501 1692
9462 3893
8787 1166
7624 7620
7009 6154
5073 1201
5269 7233
6306 5348
6266 4180
6470 7178
4062 9648
5792 4880
365 2686
4400 3864
8550 1062
6135 6314
2461 2494
3187 3982
4433 1575
7452 4286
7577 5798
2855 9703
9295 3039
635 9378
9209 911
7352 1651
4825 8526
4779 3948
2597 9170
3281 4897
3166 6162
7112 2243
6147 3631
6280 9165
6129 388
5550 2961
5980 7059
6485 8328
4183 7433
6853 9842
8459 7432
4331 1534
5494 3144
8411 2753
1789 4654
5376 8808
8916 3766
2287 9600
2200 3856
110 9801
2762 1763
5517 8895
2637 6232
9001 1185
5137 2859
2337 8256
2220 3940
3147 9521
7131 612
6484 4402
8752 4186
313 7098
2049 5673
9268 2561
3975 5523
7442 8147
4377 6021
7862 2814
30 8881
2791 8453
6497 1043
8281 2536
3677 9803
5462 7578
2486 293
2277 1332
8898 7824
1587 3041
3296 9424
3729 4540
2224 1549
53 4923
726 4396
9386 6126
1161 8894
3495 2419
3227 4913
9149 7310
7972 7382
7002 8705
1603 46
5766 5502
6732 8473
6793 3077
5452 6196
8441 6295
5167 802
6828 9882
5463 7205
2081 2417
8265 2946
1587 2095
3822 340
5773 5509
8120 2198
273 328
3658 6170
7317 218
5382 1916
6368 6319
2433 5230
4398 1777
2070 5814
1407 972
6183 524
106 8970
4173 9967
4228 6386
4635 8952
1963 5398
4402 3541
7833 4766
3383 6306
6787 3969
6171 9917
7992 4372
3556 7576
8152 2550
7742 7482
9449 15
6123 8731
6443 3372
8848 2165
2006 5664
6555 2066
1099 891
4584 2618
9094 1278
3020 7347
5008 3885
237 4553
946 292
6585 9802
3521 2647
3437 1964
4308 8615
3854 1655
9843 5116
1882 9779
5011 2748
8979 6963
7533 4905
9275 611
3769 5981
8649 2762
9115 8024
1513 5424
5707 506
2075 6858
8190 8163
2999 7734
2123 3938
9997 2031
855 3580
6531 6374
3083 8419
7534 987
1220 6354
407 16
591 4781
2300 7416
1530 1256
361 4099
9287 2817
436 9966
7419 4707
7821 7366
3698 3498
306 5429
8704 6405
2822 9820
5795 4978
1431 1201
6864 3355
3343 1442
8470 5138
6497 5254
9432 6782
7549 1988
9668 4643
3136 2275
5687 6371
855 4928
3280 8836
5765 5673
8857 8247
1744 9847
8517 1823
8616 7000
9823 2635
8290 9812
1725 6360
6747 391
2706 2531
4094 8365
9921 2401
3794 5120
6804 2027
9999 2614
3283 1993
9333 1244
2878 7560
8467 8004
8045 2446
368 5703
2086 9739
6153 3517
6242 5487
7244 2083
1959 7905
1039 8268
2438 1956
2466 8199
7876 8896
7973 7376
8124 9721
7694 9113
1954 1561
5608 8929
5209 3969
9396 785
6561 4981
4345 9591
1963 2200
5449 1357
8393 4303
7055 6123
2167 1552
7657 2894
938 1657
195 8393
3724 673
3830 5255
724 3747
9355 8338
5232 6929
9256 9695
9779 7115
674 5925
2778 2998
9353 5537
2148 4188
4255 1100
6678 3471
4445 1372
9340 6704
669 8497
5682 7844
5076 3645
1868 249
275 407
2893 8012
5859 1146
7351 5258
4791 2740
1752 2863
9896 3372
4197 7004
9204 9276
5932 6965
5928 5054
7131 7176
4509 74
4360 4484
3940 8153
528 3766
9746 3127
3902 1256
8646 653
8763 6854
6992 9883
7276 9084
8626 3994
6932 4283
1934 889
2756 7672
1379 4277
7177 7069
7549 1081
6321 5645
9968 9451
4114 8041
8707 4201
7811 4278
3423 3020
8746 3096
1361 9343
6513 7958
6660 5753
5807 38
1895 4181
1641 9445
7913 1199
8341 7628
2168 9604
8247 7354
9815 1871
5327 8208
7881 4616
4957 3343
6935 2254
1899 298
9857 3891
1727 7348
9913 9448
1730 3987
6243 8062
6079 5795
5897 6297
7256 8072
4979 9692
5491 2316
6193 776
3028 9977
807 574
4426 9543
2207 7682
5159 1028
3407 8155
5466 1770
6005 3166
4575 8917
4379 4853
7950 2562
6321 9256
5196 1648
434 3857
9029 2961
6670 2737
2384 1794
5961 9349
7254 574
7084 4374
4606 2489
310 641
7799 7501
265 2930
6581 9441
8231 9720
4686 6955
1761 2746
4716 743
4206 6708
9016 5398
9245 6058
7869 9579
6981 6467
2091 7233
6178 6136
6158 7380
2373 3588
629 670
4713 5535
1756 6348
5860 2999
1476 1561
1918 5407
6073 6749
4637 1082
9275 8821
8536 7798
8701 8242
1437 9146
7703 524
3344 397
3626 2061
5157 5805
2724 433
7039 5832
1197 4202
3563 3944
3858 4361
5369 6914
453 6374
180 3882
4531 1860
4783 6575
3427 8632
4472 3601
8490 4081
7664 4226
8310 7523
9373 6186
9909 9079
7695 1235
9545 8885
5574 8625
4425 1249
388 771
2266 1094
2651 5389
8357 4906
2254 8280
6684 7096
9431 8585
98 6218
5121 3235
8762 8049
3364 1825
7992 8020
2390 2908
7970 300
375 306
9685 2572
5451 4992
9546 4296
2045 7604
8230 6747
2418 7174
6856 6261
1455 2791
8220 7354
5641 6912
8125 2039
6334 8237
3176 2041
9599 89
9678 9627
1900 5394
3825 3350
2772 2625
424 5065
3813 6892
6170 4300
4602 8685
9253 2471
3489 602
7107 6058
6634 2704
1318 8639
66 958
3858 1079
8108 3994
8695 6847
6207 656
1596 7874
8713 5982
5707 3935
7432 7985
6096 5305
1935 8124
5808 5980
3131 1507
470 1355
4190 4478
6083 9786
9516 8983
6930 1535
2471 8143
8119 2456
2474 21
2259 156
5053 8074
5757 2075
7653 4612
3533 7497
2435 2523
4987 5535
289 4481
7114 1722
7337 619
2630 150
8064 5041
2879 3316
3496 1429
9661 1830
9196 1756
9564 1760
4695 6078
6965 1176
305 6122
1495 7385
1105 8552
6850 6337
7355 3372
6982 8302
8038 7417
486 9732
5521 3680
3655 7008
771 3077
9255 8734
6903 4627
388 4511
5544 3279
8542 4000
3490 556
1005 4626
5860 3633
8447 6048
9803 2677
5086 3421
183 1416
6528 4638
7088 7229
7668 3161
1072 6324
3313 1490
5436 6686
4990 6906
2439 52
9243 6464
8749 1480
9326 3640
5201 7000
7067 2167
406 9865
4545 8783
2649 1231
1181 9297
562 2494
2220 7145
6964 4911
3782 9651
506 9681
8505 9382
2384 5872
5364 2165
8565 75
8442 64
5312 4443
6476 6913
6456 8246
8358 1769
5742 3704
7982 2511
4777 2317
5476 493
2371 9816
4136 3629
7719 2729
5528 267
6585 8449
5988 2590
1347 6511
6431 6622
5291 9674
7207 8011
351 6547
4576 5654
6443 1225
8741 2085
8788 1286
2646 8845
8378 1005
5033 1827
5779 2808
3325 8938
3236 2838
1818 6503
2834 5048
4812 6063
1861 5695
4762 4152
9980 4109
6146 2209
2844 1363
8904 605
5176 114
9231 5977
9604 8712
2842 6032
9308 6190
7026 619
2541 6871
8756 4553
7010 4611
1972 2252
4988 4904
5904 9969
364 3633
3600 3952
5421 3642
5913 2755
632 2673
190 7955
9415 5246
8101 2995
9555 1050
9507 3121
4375 4538
1952 4804
9953 6522
5777 3182
7212 7813
8861 4644
809 8351
5480 6365
3647 9082
633 9162
998 8812
3784 4094
6656 3600
15 1556
8685 328
6429 9157
9398 8713
4717 4386
9106 1910
399 6929
5095 9961
5925 7370
5237 3319
906 2045
8294 1050
7587 631
8431 9613
4099 6252
8505 2531
16 8651
9357 1791
4334 5608
4985 4457
3916 760
6703 6836
845 1841
9143 6909
4786 6834
8252 9430
3954 8867
9217 7565
6504 6619
5831 1295
2849 4880
5265 3694
3329 748
2489 7754
7806 1328
8202 7919
9717 318
3536 4294
2627 1492
5665 4643
8506 3751
4715 8830
7118 1327
5574 2441
4901 5003
509 1138
6074 4635
7456 4733
1050 4339
3114 7799
9852 6407
8185 1910
9086 4460
9594 3018
5477 8564
5289 1028
614 2644
4805 3843
7409 3132
4697 5179
1017 9325
7020 7201
1285 7942
6844 5184
3788 3414
7281 9468
2077 7475
725 6826
1438 6102
8203 1608
2339 6549
661 8006
8054 7036
1910 5288
5315 9521
2926 2879
8569 7966
1869 9234
9620 4494
9310 3556
8015 7522
7451 1251
5160 9200
34 1852
8812 1920
5830 39
1440 9522
2948 4194
8386 4642
1703 12
7799 8653
3559 2040
3935 7423
6942 9828
9093 2994
9171 9901
3215 4068
970 4061
4006 8551
9365 7631
2732 7256
2397 5457
8974 2079
4787 1912
1499 2956
1405 5914
2555 3354
8892 4984
3316 8704
4702 1217
5841 1404
5916 5355
9823 1766
9836 5876
6563 942
3438 7678
6008 8882
4174 8149
5783 8592
6756 326
475 8050
9510 1675
1263 4732
4829 6000
9854 8890
8546 9424
5949 2663
9179 3962
3822 5319
8430 9006
6061 3207
2290 65
2261 7059
1932 4145
1083 5796
2985 4436
9021 8288
2238 1274
1948 5906
9257 573
7848 1976
4412 9932
8833 2849
8528 5226
4188 2327
2376 787
2712 8925
2783 4159
136 236
8032 9018
6046 9372
3373 5148
8051 6123
7307 6919
7712 3729
4431 2551
1765 712
7237 191
8213 559
9089 4236
1746 8706
2259 3822
5514 9914
5893 9608
8934 4860
4530 3242
1021 6548
9356 7441
8905 4138
2804 8093
7828 2053
7967 2805
9446 7452
8986 3733
1036 5540
1689 6618
5217 7255
365 8284
7583 5680
6999 4817
5123 8189
6379 621
412 749
8772 8239
500 7905
2359 583
8021 5863
3457 2268
4981 3421
4039 5633
9170 6925
8325 4830
5194 1327
5315 241
2702 2810
5562 5736
2008 5772
6813 2295
682 6750
674 8320
5256 9288
3911 8214
5546 1353
8712 6020
4536 7599
7482 5775
3913 7162
7285 1211
8030 6626
8199 2503
5940 1777
1553 700
4678 1178
2425 5062
2990 8120
7660 9517
6550 6671
6167 8560
6019 3384
7664 5882
8220 8279
4348 7209
6859 8326
3994 71
8883 1061
3178 4127
5898 4541
9691 445
1287 6629
9278 5196
133 9177
2362 9265
355 8220
262 4666
2546 3566
7103 6902
5289 2092
6048 8885
5731 485
8366 3460
7482 193
3842 2147
9025 2868
3942 2547
6144 4565
9511 5883
740 6597
5940 5081
8944 9453
7646 817
54 5124
2425 4499
1162 1827
5178 6226
6974 1405
1679 9849
8862 9002
4312 1602
6944 9352
2440 7406
6984 8324
6546 7685
2283 3220
2223 519
279 4913
4100 7804
1980 8251
1343 2620
8266 9411
5878 6366
4412 6845
289 9616
4312 2598
3057 2874
852 5847
1945 8419
8712 8595
1522 5100
7519 9434
7620 7049
6723 3601
3228 2764
7961 4463
4091 2284
9622 8123
8224 4122
7676 5023
1619 9108
8402 5613
9447 5566
5381 950
4605 5642
1152 3122
9179 2342
4044 1186
2365 6625
3595 6242
7923 7210
1528 778
9957 6172
9336 9357
5320 1739
1884 8512
756 6828
9938 1754
3792 627
394 6258
6720 1266
6995 3438
6768 1807
6612 9267
533 9977
6161 4414
9453 529
5689 601
4049 2533
4 6567
6123 9943
9265 8212
9051 9547
6185 6432
6932 6294
5712 6961
4908 4609
1890 7510
1254 1913
2924 1703
4491 6961
4759 7625
6939 9964
7321 9402
7105 672
2775 8397
6039 5320
9151 1835
3040 4668
2147 1407
3381 8035
1184 4740
3421 1378
889 7542
6635 184
2908 5013
7260 1960
3241 2126
9476 4945
917 8251
9866 2056
4204 328
1101 3888
4816 9906
2271 7878
6004 7946
1356 2027
7746 8444
1098 489
9571 923
2355 8408
6589 8509
8181 9638
1148 5086
9119 7653
9670 3672
4041 3920
2911 9283
3962 1395
9353 6949
8157 1654
1735 5697
932 4886
9547 1604
1258 192
59 1842
6661 3575
7046 3022
5272 601
4295 8550
7313 5557
6768 8995
2724 7494
872 9636
9691 821
5198 8562
3759 7039
606 1288
8350 7107
1405 1347
1539 6182
8529 8260
4200 5689
3215 5807
1239 2592
3755 4038
8991 2260
135 3002
7468 8018
8044 3567
2937 7209
3429 5724
2594 7086
26 1982
3846 7955
7480 776
124 7585
1690 9138
940 1710
9101 5722
4027 7110
4405 1622
9987 2367
333 5367
776 6762
4919 5684
2829 3266
2908 552
6377 4092
