20
2
2
6
7
8
20
0
199180
0
1
1
20
0
0
1
2
2
20
3
2
3
20
0
0
0
20
6
879383
0
1
1
20
0
0
1
1
3
4
5
6
7
20
1
0
0
2
3
6
7
8
9
10
20
1
0
0
2
5
20
0
0
0
2
3
6
7
20
0
390931
2
3
20
0
20
2
20
1
0
0
20
1
0
1
1
3
20
0
2
3
4
5
9
10
11
12
20
0
417860
0
0
2
3
20
1
0
1
2
3
3
5
20
1
1
2
4
20
1
2
3
20
0
760660
0
0
20
1
1
2
3
4
5
7
8
20
0
0
1
1
20
2
2
3
20
4
180596
0
0
20
2
0
1
1
3
4
20
0
2
3
20
1
20
3
1
2
4
5
6
7
8
20
2
179722
20
3
509624
0
0
20
1
0
0
20
3
2
3
20
0
0
0
4
20
3
20
0
0
0
20
0
1
3
4
20
0
0
1
2
3
3
20
2
1
2
3
5
6
20
0
0
1
1
20
1
20
1
1
2
20
0
1
20
4
0
0
2
3
4
5
20
2
0
0
2
20
0
889755
1
3
20
0
0
1
2
2
20
0
2
20
3
1
20
0
2
3
20
2
0
0
2
20
1
0
1
2
2
4
20
1
0
0
2
3
6
20
0
430995
0
0
2
3
20
2
2
3
20
1
1
3
4
5
6
20
0
2
20
1
673772
2
3
20
1
1
20
0
1
2
3
5
6
7
20
2
1
3
4
20
0
0
1
2
2
20
0
20
0
5
20
0
1
2
3
5
20
2
1
2
20
0
0
1
2
2
4
20
3
0
0
20
0
1
2
4
20
0
355754
0
0
4
5
6
20
0
0
0
20
0
1
2
3
4
6
20
0
1
20
2
2
20
0
2
20
0
0
1
2
3
4
4
6
20
1
147617
0
1
1
20
0
1
3
20
2
1
20
2
20
0
0
1
1
3
20
0
0
0
2
20
2
20
1
2
20
1
0
1
1
3
4
20
0
2
3
4
20
0
0
0
4
5
6
20
0
309895
0
1
1
20
0
20
0
5
20
0
0
1
2
3
4
5
6
7
8
8
10
11
20
1
0
0
2
5
6
7
8
20
0
0
1
1
20
2
20
2
181376
0
0
4
5
20
0
0
0
2
3
4
5
6
7
20
0
20
5
2
3
20
1
1
20
4
648814
1
2
4
5
20
0
2
3
20
2
0
0
2
3
20
0
0
1
1
3
4
20
0
0
1
1
3
20
0
0
1
2
3
3
20
1
1
2
4
20
1
0
0
20
0
1
20
1
0
0
20
1
2
3
20
2
0
0
2
20
0
0
0
2
3
4
5
6
7
8
9
20
0
0
1
2
2
20
0
1
20
0
0
1
2
2
2
2
20
0
0
1
1
0
20
0
60173
1
2
4
20
0
0
1
2
3
4
5
5
20
1
1
2
20
0
0
0
4
5
6
7
8
20
0
2
20
2
20
2
20
0
0
0
2
20
0
1
3
20
7
20
0
2
3
7
8
20
0
0
0
2
3
20
3
158835
20
0
20
0
2
3
4
5
6
7
8
9
20
0
2
20
1
591932
0
0
2
20
1
0
1
2
3
3
5
20
0
20
2
0
1
1
3
4
5
20
2
0
1
1
3
4
20
0
0
1
1
3
4
5
20
0
0
0
20
1
0
0
2
3
4
5
8
0
20
0
0
1
2
3
4
4
6
20
1
212385
1
20
0
1
2
4
20
1
0
0
20
0
1
2
20
4
1
20
0
0
1
2
2
20
3
1
2
3
4
5
6
8
20
0
0
1
1
20
0
315421
2
20
0
695148
1
2
4
20
0
1
2
20
0
0
1
1
20
4
0
0
20
1
20
0
700056
0
0
20
2
20
2
0
0
2
20
0
5
20
2
1
2
4
5
20
0
1
3
20
0
0
1
2
2
4
20
0
0
0
20
4
0
1
2
3
3
5
20
0
1
20
0
5
6
7
8
9
10
11
12
0
20
0
0
0
2
5
6
20
2
1
3
20
1
0
0
2
20
1
1
3
4
5
20
1
0
0
4
5
20
0
0
1
1
20
1
1
2
3
4
5
20
1
0
0
2
3
4
7
20
0
2
20
0
0
0
2
3
20
0
977747
0
1
1
3
20
2
0
1
2
3
4
5
5
20
0
0
0
2
20
0
1
2
20
0
1
2
3
4
6
7
8
20
0
0
1
1
7
20
1
0
0
20
1
2
20
3
0
1
2
3
3
5
6
7
8
9
10
20
1
20
0
0
1
2
2
20
0
0
1
1
3
20
0
2
20
1
0
0
20
0
1
2
3
20
0
20
2
2
3
4
5
6
7
8
20
0
0
0
2
3
6
20
0
20
1
1
2
4
5
20
0
1
2
4
5
20
0
20
0
0
1
2
2
4
5
20
1
0
0
20
0
0
1
1
3
4
20
1
1
2
4
5
20
1
2
20
0
20
1
0
0
4
20
1
1
2
20
0
0
0
2
20
0
897947
1
2
3
5
6
20
1
0
0
2
20
0
1
2
20
0
1
2
3
4
5
20
1
1
2
20
0
0
0
2
5
6
20
4
0
0
20
0
0
1
2
3
3
20
0
0
0
20
0
0
0
20
1
2
3
4
0
20
3
1
2
3
5
20
0
0
0
20
1
1
2
3
5
6
20
0
0
1
2
2
20
5
0
0
2
3
4
20
0
0
1
2
2
4
20
1
0
0
20
0
0
1
2
3
3
5
6
20
1
1
3
20
0
0
0
20
2
834143
2
3
20
0
2
3
4
20
0
136484
20
1
0
0
2
3
4
7
20
2
0
1
2
2
20
0
367001
1
2
20
2
2
20
0
1
2
20
0
0
0
20
2
1
2
3
20
1
2
20
0
0
0
2
3
20
0
1
20
0
942798
2
3
4
20
0
183140
1
2
20
3
20
0
0
1
1
3
20
1
1
3
20
0
0
0
2
3
20
3
1
2
4
20
0
630954
0
0
2
3
4
7
8
9
20
1
20
4
1
3
4
20
0
0
1
1
3
4
20
0
2
6
20
2
0
1
2
2
20
0
1
20
1
19806
0
0
2
20
0
1
2
3
20
4
20
1
20
0
0
0
2
3
20
0
1
2
3
4
5
20
0
20
4
0
0
20
0
2
3
20
0
20
1
20
0
2
3
20
2
1
20
1
1
2
3
4
5
7
20
1
10050
1
3
20
0
1
20
5
0
1
2
3
3
20
0
0
0
4
5
6
0
20
1
1
2
4
5
20
5
680010
0
1
2
2
20
2
2
3
7
20
5
0
0
20
0
2
3
20
2
2
20
2
1
2
3
5
20
4
0
1
1
20
0
2
3
20
0
1
20
5
10
0
1
0
2
0
1
0
3
20
3
1
3
4
20
1
0
1
2
3
4
5
6
6
20
0
0
0
20
1
20
0
0
0
2
5
6
20
0
712075
20
1
0
1
1
20
1
20
0
1
2
4
5
20
0
1
2
20
0
724058
20
2
0
1
2
3
4
4
6
20
3
1
2
4
5
20
1
0
0
4
5
20
1
1
20
0
0
1
2
2
4
5
20
0
0
1
2
3
4
5
6
7
7
9
20
1
316673
0
1
2
2
20
1
2
3
4
5
6
7
0
1
20
2
0
1
2
3
4
5
6
7
7
9
0
1
0
2
0
1
20
0
1
3
20
1
1026262
1
3
4
5
6
20
3
0
0
20
2
20
2
1
3
20
0
0
1
2
2
4
20
0
0
1
1
3
20
0
0
0
4
5
20
3
1
3
4
20
0
20
4
0
1
2
2
20
0
0
0
2
3
6
20
0
1
3
20
2
0
1
2
2
20
0
20
0
0
1
1
3
20
1
415637
0
0
2
3
4
20
5
2
3
4
20
1
2
3
4
5
6
20
0
0
1
2
3
4
4
20
0
0
1
1
3
20
0
0
1
1
20
0
0
1
2
2
20
5
1017209
20
0
415512
0
1
2
3
3
20
1
2
3
20
1
2
3
20
0
1
2
4
5
6
0
1
0
20
1
20
3
0
0
2
3
4
20
2
0
0
2
20
0
0
0
2
20
0
0
0
2
3
4
5
6
9
20
1
1
3
4
20
1
0
1
2
2
20
3
0
1
1
20
0
0
0
20
0
20
1
2
20
1
0
0
2
20
0
0
1
2
3
3
20
0
618417
0
1
2
3
3
20
0
0
1
2
3
4
5
5
7
8
9
10
0
20
0
1
20
0
5870
1
20
3
20
0
0
0
2
3
4
20
0
1
3
4
20
0
2
20
1
0
0
20
0
0
0
20
0
0
0
2
20
0
0
1
2
3
4
5
6
7
8
0
1
0
20
0
0
0
20
4
0
1
1
20
1
0
1
1
3
20
0
1
2
20
0
1
2
3
4
5
6
7
8
0
20
0
0
0
2
3
20
0
0
1
2
3
3
20
2
1
3
20
0
0
1
1
3
20
3
0
1
2
2
4
20
0
1
3
4
5
6
7
20
0
0
0
2
3
6
7
20
2
1
3
20
0
2
3
20
4
494324
0
1
1
3
4
5
6
7
8
20
0
20
1
2
3
4
5
6
7
8
20
1
261636
20
0
2
20
0
2
20
0
0
0
2
3
20
7
0
0
2
20
2
0
0
20
0
1
20
0
0
0
4
20
0
0
1
2
2
20
0
2
20
0
2
3
4
5
20
0
0
0
2
5
20
2
894795
0
0
20
2
508975
0
1
2
2
4
5
20
1
0
1
2
3
4
5
6
6
20
2
1
2
3
20
3
20
0
1
2
3
4
20
0
2
3
4
20
0
0
0
2
3
20
1
0
0
2
20
0
543899
5
6
7
8
9
10
0
1
20
1
0
1
1
20
0
1
2
20
0
0
1
1
3
4
5
20
0
0
0
2
3
20
1
0
0
4
20
0
20
0
509552
0
1
1
20
0
0
0
2
3
4
5
6
7
20
7
770819
0
0
2
20
0
0
1
0
2
0
20
1
1
3
20
1
1
2
3
5
6
7
8
9
20
3
0
0
2
3
20
2
0
1
2
3
3
20
0
0
1
2
2
20
6
0
1
1
20
1
1
3
4
20
0
2
20
0
0
1
1
7
8
9
20
0
0
1
1
20
1
0
1
2
2
20
0
20
4
1
2
3
20
0
2
3
4
20
1
20
1
1
3
4
5
6
20
2
5
20
0
0
1
2
2
4
5
6
7
8
9
20
4
0
1
2
3
4
5
5
20
0
1
2
3
5
20
2
1
3
4
20
2
20
1
2
20
2
2
20
4
0
1
1
20
0
213997
0
1
1
3
20
1
0
0
20
0
0
1
1
20
0
2
3
20
0
1042676
2
20
0
5
6
7
20
0
2
3
20
4
1
2
3
5
6
20
3
2
3
20
2
1
2
3
4
5
6
7
20
0
0
0
4
5
20
1
0
1
1
20
0
0
0
20
0
20
0
20
0
1
3
20
0
20
1
5
20
0
20
2
20
0
0
0
20
1
20
0
628840
0
0
2
3
4
20
0
0
1
2
3
4
4
20
1
2
3
20
0
0
1
2
3
3
5
6
20
0
573073
1
20
2
1
2
3
20
2
20
7
20
1
0
0
20
0
20
1
0
0
2
5
6
20
1
0
0
20
4
5
20
2
0
1
1
20
0
1
20
0
2
20
1
0
0
2
20
0
0
1
2
3
4
5
5
20
1
2
3
20
1
0
0
20
1
0
0
2
20
0
1
2
20
0
0
0
2
20
0
1
2
4
20
4
2
3
20
0
20
0
0
0
2
3
4
20
1
0
0
20
1
0
1
1
3
20
0
1
20
1
20
1
0
1
2
2
20
0
0
0
2
3
4
5
6
20
0
0
1
2
2
20
2
2
3
4
5
20
2
1
3
4
20
1
0
0
2
3
20
0
0
0
2
20
0
0
1
2
2
20
1
20
2
2
20
0
0
1
2
2
4
5
6
20
1
1
2
4
5
6
20
1
0
0
2
5
6
20
1
20
1
1
3
4
5
20
12
2
3
7
8
20
2
1
2
20
0
0
0
20
1
0
0
2
20
0
1
2
4
20
0
0
0
2
3
20
0
0
1
2
3
3
20
0
900529
0
1
1
3
4
5
6
7
8
0
20
1
2
0
20
0
0
1
2
2
20
1
0
0
2
3
6
7
20
1
1
20
2
769726
0
1
2
2
4
5
20
1
2
3
4
20
0
0
1
2
2
20
0
229913
2
3
4
20
0
0
0
4
20
0
20
0
0
0
2
20
0
0
0
2
20
1
0
0
20
0
0
1
2
2
4
5
6
20
0
2
3
20
7
0
0
4
20
1
0
0
20
1
1
20
0
0
0
2
20
0
0
1
20
1
1
2
20
0
1
20
1
20
0
1
2
0
1
0
20
3
1
3
4
20
0
438822
0
0
2
3
20
2
0
1
1
3
20
1
0
0
20
1
0
1
1
20
4
1
20
0
884574
0
1
1
20
0
2
20
0
0
0
20
0
0
0
20
0
2
20
0
0
0
4
20
3
0
0
2
3
20
0
20
0
648816
0
1
2
2
20
0
5
20
0
1
20
3
452398
0
1
1
3
4
20
0
0
0
4
0
2
0
1
0
3
20
0
20
2
2
3
7
0
1
20
1
1
2
20
1
0
1
1
3
20
2
2
20
0
0
1
1
3
20
0
0
0
2
3
4
20
1
0
0
2
20
0
0
0
2
3
4
20
0
0
0
2
20
0
1
2
20
3
0
0
20
4
976863
1
2
3
5
20
0
2
20
0
2
20
0
1
2
20
3
20
1
2
20
1
0
0
4
5
20
0
1
3
4
0
20
2
0
1
2
3
3
5
6
20
0
20
2
0
1
1
3
20
0
237173
0
0
2
20
1
2
20
0
0
1
2
2
20
1
0
1
1
3
20
2
1
3
20
1
946710
20
1
424488
0
0
20
0
0
0
4
20
0
2
3
20
1
20
1
20
0
20
3
1
3
4
5
6
20
1
6022
20
0
368912
0
0
2
20
0
0
1
2
2
20
0
1
20
0
0
0
4
5
20
3
2
3
20
0
0
0
2
20
1
0
0
4
20
1
0
0
2
3
4
5
6
7
20
3
20
1
0
0
2
5
6
0
1
20
0
1
2
3
4
6
7
8
9
10
20
0
0
1
1
3
4
5
6
7
8
20
0
0
0
2
0
1
0
20
1
0
0
4
20
0
0
0
4
5
6
7
8
20
2
1
2
3
5
6
20
0
0
0
2
3
4
5
20
1
2
20
3
1
2
3
20
0
2
20
1
1
3
4
20
1
20
3
0
0
2
20
0
1
3
20
0
0
0
20
0
1
3
4
5
20
0
0
0
4
20
0
20
0
2
3
4
5
20
3
0
1
1
20
2
2
20
0
1
2
20
4
2
3
4
20
0
0
0
2
3
4
20
0
0
1
1
3
4
5
0
20
0
0
0
2
5
20
1
20
3
1
3
4
5
6
0
1
0
20
0
441350
1
3
20
0
0
0
20
0
20
0
0
1
1
20
0
20
1
0
1
1
20
0
1
2
20
0
1
2
3
4
6
20
0
0
1
2
3
4
5
6
20
0
1
3
20
0
554934
0
1
2
2
20
0
2
3
20
2
0
1
0
20
2
2
3
20
5
1
0
1
20
1
1
2
20
1
1
3
4
5
20
4
1
2
20
3
1
3
20
2
2
3
20
3
1
2
4
5
20
0
0
1
1
3
4
5
20
0
1
3
20
1
0
1
2
3
3
20
1
0
1
2
2
20
0
5
6
7
20
3
0
1
1
20
1
20
0
0
0
2
3
4
5
20
0
2
3
20
1
0
1
1
3
20
2
0
1
2
3
4
5
20
1
0
0
20
0
0
0
2
3
6
7
20
0
0
0
20
1
847407
1
3
20
0
751862
20
0
0
1
2
2
4
0
1
0
2
20
4
847369
20
0
0
0
2
20
0
2
20
0
0
0
2
3
4
20
0
649443
1
2
4
20
0
0
1
1
3
4
20
5
0
0
2
20
0
0
0
20
1
394351
2
6
20
0
1
2
4
5
6
7
8
20
0
118282
1
3
20
2
5
6
7
20
0
0
1
1
20
1
5
6
7
8
20
3
2
3
20
2
0
0
20
0
226063
0
0
2
3
4
20
0
1
2
20
0
0
1
1
20
1
2
20
0
0
1
2
2
20
2
1
2
3
20
3
0
20
1
0
1
1
20
0
1
2
20
1
0
1
1
20
0
0
1
1
20
2
830621
20
0
1
2
4
20
1
2
3
4
5
6
20
1
0
0
20
3
540287
2
3
4
5
6
7
20
4
1
3
4
20
0
2
3
4
20
0
733796
0
0
20
0
226751
1
20
0
1
2
20
0
0
0
2
20
7
0
0
2
3
20
0
915251
1
3
4
5
20
0
2
20
3
0
1
2
2
20
0
1
2
3
20
1
1
2
3
5
6
7
20
0
1
3
20
0
474038
1
3
4
5
20
1
1
3
20
0
1
2
3
4
5
20
3
0
0
20
0
0
0
4
5
6
7
20
2
161543
0
0
4
20
3
442023
1
2
3
20
1
0
0
2
0
20
2
2
20
1
0
1
2
2
4
20
2
0
0
2
5
6
7
20
0
759051
2
3
4
5
20
3
0
0
20
3
1
3
4
20
0
0
1
2
2
4
0
20
0
2
3
4
8
0
1
20
2
20
1
1
2
4
20
1
0
0
20
0
1
20
4
1
2
3
4
5
7
20
2
1
3
20
0
0
1
1
20
2
1
2
4
20
0
0
0
2
3
4
20
1
2
3
7
20
2
735508
1
3
20
0
1
2
3
5
20
2
0
0
20
1
1
2
3
20
0
0
0
2
3
6
7
8
0
1
20
2
0
0
2
3
4
7
20
5
290595
1
20
0
0
1
2
3
4
4
20
1
1
3
4
20
0
0
0
2
3
4
5
20
2
0
1
2
2
4
20
1
0
1
1
3
4
0
1
0
2
20
0
20
0
579824
0
0
20
1
20
0
1
3
4
20
1
0
1
1
20
0
1
3
4
5
20
0
20
0
0
1
2
2
4
5
20
0
1
2
20
0
0
1
2
3
4
5
5
20
1
0
1
2
3
3
5
20
0
0
0
2
20
0
0
1
2
2
4
20
1
0
1
2
3
3
5
20
1
0
0
2
20
0
0
0
2
3
4
5
20
2
0
0
2
20
0
231467
1
20
0
0
0
2
3
20
0
1
20
1
0
1
1
0
20
0
2
3
20
0
0
0
2
20
0
0
1
1
20
1
1
2
4
20
0
20
0
0
1
1
7
20
1
0
0
2
3
20
0
20
0
0
1
1
20
1
20
1
0
0
2
20
2
20
0
2
3
20
0
0
0
4
5
20
5
0
1
2
2
20
2
20
3
1
2
3
20
0
0
1
1
20
0
1
20
2
1
3
4
5
20
0
95814
1
20
0
0
1
1
20
1
0
1
1
20
0
0
0
2
3
20
1
0
0
4
5
20
2
0
0
20
7
20
0
1
3
20
0
0
0
20
0
1
3
4
5
20
0
0
1
2
3
3
20
0
0
1
2
3
4
4
20
1
1
2
20
2
1
2
3
20
2
839730
20
1
1
3
4
5
6
7
20
0
1
2
20
0
2
3
4
5
6
20
3
0
0
20
0
1
2
20
1
0
1
1
3
20
0
0
1
2
3
3
5
20
0
0
1
2
3
3
20
0
0
0
2
20
1
0
0
20
0
0
1
2
3
3
20
0
0
0
20
5
0
1
1
20
0
0
0
20
1
5
20
0
20
1
1
20
2
0
0
2
20
4
0
1
1
20
1
0
0
4
5
20
1
0
1
2
3
3
20
0
0
1
2
3
3
20
0
0
0
2
3
20
0
343635
0
1
2
3
3
5
6
20
1
1
3
20
7
20
0
644988
0
0
2
3
4
20
1
8035
0
0
20
2
1
20
0
20
0
20
0
0
1
2
2
20
0
1
2
20
0
0
0
2
3
20
0
0
0
2
3
4
20
1
1
2
20
2
2
20
0
0
0
2
20
0
0
1
2
2
20
2
0
0
20
0
595287
1
2
4
5
6
7
0
1
0
20
2
0
0
2
20
0
0
0
2
20
0
0
1
1
3
4
5
20
0
20
1
0
0
20
4
1
2
3
4
5
6
7
0
1
20
2
0
0
2
3
4
20
2
0
1
1
20
3
938045
20
1
0
0
2
20
1
648059
0
1
1
0
1
20
2
2
3
20
0
0
0
2
3
20
2
0
1
1
3
20
2
20
0
1
2
20
0
2
20
0
590636
0
1
1
20
1
0
0
20
0
1
2
20
0
274522
2
3
4
20
0
2
20
3
240300
20
7
20
0
1
3
4
20
0
20
0
0
1
2
3
4
0
1
0
20
0
0
0
20
2
1
20
3
0
0
2
3
4
20
0
2
3
20
1
195124
0
1
2
2
4
5
20
2
921929
0
1
1
3
20
0
0
0
4
5
20
0
0
1
1
3
20
1
20
0
0
1
1
3
4
20
0
0
1
2
3
4
5
5
20
1
0
0
4
5
6
20
1
992391
1
20
0
0
0
2
20
1
0
1
2
2
20
0
595577
20
0
1
3
20
0
0
1
1
20
1
0
1
2
3
3
20
0
0
0
2
3
6
20
0
1
20
1
1
2
3
20
2
1
3
20
2
583318
0
1
2
2
4
20
0
0
20
0
1
2
3
4
6
20
1
1
2
4
20
0
1
2
3
4
20
0
0
1
2
2
20
1
2
0
20
2
0
1
2
2
4
20
1
1
3
4
5
20
4
20
0
0
0
4
20
1
1
2
20
2
1
20
2
0
0
20
0
0
0
20
0
0
1
1
3
4
20
0
0
0
2
3
4
5
20
0
0
1
1
3
4
20
2
0
1
2
2
20
0
0
1
1
20
0
0
20
1
0
1
1
20
0
2
6
7
20
1
0
0
20
2
837919
2
20
1
1
3
4
5
20
0
20
1
20
2
0
0
2
3
20
0
0
0
2
5
6
20
0
466827
1
2
20
0
2
20
0
0
1
2
3
3
20
0
213297
0
0
4
20
0
5
20
1
0
0
2
20
1
0
0
2
20
0
412795
20
1
0
0
2
5
20
0
0
1
2
3
4
4
6
20
0
20
12
20
0
2
3
4
20
1
464228
0
1
1
20
1
2
3
0
20
0
2
20
0
0
0
3
20
6
1
3
20
6
1
20
0
0
0
2
2
20
3
20
1
0
0
2
5
0
20
1
2
20
3
4140
0
1
2
2
20
1
0
1
2
3
4
4
20
1
0
0
20
2
20
2
0
0
2
3
4
5
20
0
0
1
1
20
0
1
2
20
2
0
0
20
1
1
2
4
5
20
0
1
2
3
4
6
20
1
2
3
20
1
201364
0
1
2
3
4
4
20
6
1
3
20
0
0
0
20
0
0
1
2
3
4
5
5
7
20
2
0
0
20
1
2
20
0
824220
0
1
1
3
20
0
0
1
2
2
4
20
3
0
0
20
0
2
3
20
4
0
0
20
2
314975
20
1
0
1
2
2
4
20
0
1
3
20
0
0
1
2
2
20
1
0
0
20
0
0
0
2
3
6
20
1
1
2
3
20
3
2
3
4
20
0
1
2
3
4
6
7
0
1
20
2
20
0
1
3
4
20
6
0
0
2
3
6
20
0
0
20
3
0
0
20
2
1
3
4
5
6
7
8
9
20
5
0
0
20
2
1
2
20
0
0
0
4
5
0
1
20
2
0
0
2
3
20
1
0
1
1
3
20
0
0
0
2
3
20
0
0
0
2
3
20
0
0
0
4
20
0
20
1
0
1
2
3
3
5
6
20
5
1
3
4
20
0
1
2
3
4
5
7
8
20
0
0
0
2
20
0
0
1
1
20
0
2
0
20
0
0
0
4
20
4
666663
1
8
20
0
0
0
2
20
3
0
0
2
20
0
0
1
1
20
1
2
20
0
0
1
2
2
20
0
379609
0
0
2
3
20
2
0
0
20
0
400383
0
0
2
3
4
20
0
2
20
1
561436
0
1
2
2
20
0
651161
0
0
20
2
2
20
0
0
0
2
3
4
7
0
1
0
20
3
0
0
2
3
4
5
0
20
1
0
0
20
1
1
2
4
20
0
1
20
0
0
1
1
20
6
0
1
1
3
20
0
0
1
1
3
4
20
1
5
20
1
0
1
2
2
20
1
0
0
20
1
0
0
20
1
1
2
3
5
6
7
20
0
0
1
1
3
20
1
0
0
20
2
994583
1
20
1
0
0
20
4
1
8
9
20
3
1
3
20
0
2
3
7
8
20
1
2
20
2
1
2
3
4
5
20
0
0
1
2
3
3
5
20
1
0
0
2
3
4
5
20
0
1
3
20
0
1
20
0
2
3
20
0
0
0
20
3
5
6
0
20
3
0
1
1
20
0
1
3
4
5
6
20
0
0
1
2
3
3
5
6
20
0
0
1
1
20
0
0
0
4
5
6
7
20
0
732423
1
2
3
4
20
1
0
1
1
3
3
20
1
0
0
2
20
0
1
20
0
0
0
2
3
6
20
1
0
0
2
3
4
20
0
0
0
20
0
0
1
2
2
4
20
0
1
3
20
0
0
0
20
0
0
1
1
3
4
5
20
2
0
1
1
3
4
5
6
7
8
0
1
20
1
1
2
3
4
6
20
0
0
0
2
3
20
0
0
0
2
3
20
0
5
20
5
0
1
1
3
4
20
0
0
1
20
0
1
3
4
20
0
0
0
4
20
1
0
1
1
20
0
2
20
1
0
0
20
3
1
2
4
20
1
20
0
1
2
3
5
20
2
612050
1
20
1
1
20
0
0
0
2
5
6
20
2
0
1
2
2
20
0
0
1
2
3
3
5
20
4
0
0
2
3
20
3
2
3
4
0
2
20
4
0
1
2
3
3
5
6
20
0
2
6
7
20
0
0
1
2
2
4
5
6
7
20
6
0
1
1
3
20
1
1
2
20
0
1
20
0
0
0
4
5
20
1
20
4
0
1
2
3
3
20
0
0
0
20
3
1
2
3
5
20
0
1
20
0
2
3
4
4
20
0
0
0
20
0
0
1
1
20
0
1
3
4
20
0
20
8
1
20
0
0
0
2
20
0
1
20
1
0
0
20
3
0
1
2
2
20
2
0
1
2
3
3
20
0
2
3
20
0
2
20
1
0
1
1
20
0
2
20
2
0
1
2
2
20
0
1
2
4
20
2
1
20
0
0
1
2
3
4
4
20
1
0
0
20
4
2
3
20
4
0
0
20
0
20
1
915896
20
1
0
0
2
5
6
20
2
1
2
20
0
45818
1
8
20
0
0
1
2
2
4
5
6
7
8
9
0
1
0
2
20
2
1
2
3
4
5
6
8
0
1
0
20
4
0
0
2
3
20
0
0
0
2
3
4
5
20
1
0
0
2
5
6
7
20
2
1
2
3
4
20
0
2
20
0
0
0
2
0
1
20
0
1
2
4
5
20
0
0
1
1
3
4
5
20
1
1
2
3
0
20
1
5
20
0
1
2
3
5
6
20
3
2
3
4
20
3
69092
1
3
4
5
6
7
8
9
10
20
3
2
20
3
2
3
4
5
20
1
1
2
20
0
20
0
0
1
1
3
4
5
6
2
0
20
0
0
0
2
20
1
0
1
2
3
3
20
0
2
20
1
185676
2
20
6
0
1
1
20
1
0
0
20
0
0
1
1
20
1
0
0
2
3
4
5
6
20
0
0
0
2
3
4
20
7
0
1
1
3
4
5
20
0
1
2
3
4
6
20
0
1
2
20
1
0
0
20
0
0
1
2
3
3
20
0
1
20
1
0
0
2
3
20
2
1
2
3
4
5
7
20
0
2
3
20
0
2
3
20
4
0
0
2
3
6
20
0
20
1
1
20
0
20
1
0
1
1
3
4
20
2
0
1
1
20
3
0
0
20
0
224719
1
2
20
2
1
3
4
5
6
20
4
0
0
4
5
20
1
0
1
1
3
20
1
0
1
2
3
3
5
6
20
0
2
3
4
20
0
0
0
2
20
2
1
20
3
0
1
1
3
4
5
6
7
8
0
20
2
449541
0
0
4
20
0
1
2
3
5
20
1
2
20
1
0
1
1
20
0
1
3
20
0
1
2
4
20
1
1
20
1
0
1
2
3
3
20
1
2
3
20
0
20
1
1
2
3
4
5
20
0
2
20
0
0
0
2
20
1
0
1
1
3
4
5
6
7
20
0
20
0
0
1
2
2
20
0
1
3
20
0
1
2
20
0
1
2
4
5
6
20
2
1
2
3
4
6
20
2
2
3
4
20
3
0
1
2
2
20
1
0
0
4
5
6
7
20
1
0
0
2
20
0
0
1
1
1
20
5
595213
2
3
20
3
2
3
4
8
0
1
0
20
0
0
0
4
20
1
2
0
20
1
20
0
0
1
1
20
0
1
2
3
4
20
1
5
20
1
1
2
4
20
0
2
3
20
0
0
0
4
5
20
0
0
1
2
2
20
1
737241
20
0
20
0
855312
0
1
2
3
4
5
6
7
7
20
1
1
2
20
1
406362
20
0
0
1
2
2
20
5
186905
0
1
2
2
4
5
6
7
0
1
20
0
1
20
0
0
0
2
3
1
20
0
1
3
4
5
20
4
1
3
20
0
0
0
2
0
20
2
0
0
20
0
0
1
1
20
2
0
0
2
3
20
0
20
0
20
0
1
3
4
20
1
1
2
4
5
6
7
20
0
0
1
2
2
20
1
1
2
4
5
6
7
8
9
0
20
0
1
20
0
0
0
2
20
2
0
1
2
3
4
5
6
6
0
1
0
2
0
20
1
254081
1
3
2
0
1
0
20
0
0
1
1
20
1
0
0
2
3
4
5
20
1
1
2
3
5
6
20
0
1
2
3
4
6
7
8
20
2
0
1
1
20
2
530285
2
20
0
0
1
20
0
2
3
20
0
20
0
1
2
3
5
20
0
20
5
1
3
20
0
1
3
20
1
0
1
1
3
4
20
0
0
1
2
3
3
20
0
20
0
1
3
20
0
2
3
20
1
1
2
3
20
4
2
20
0
2
3
20
0
0
0
2
3
20
0
0
0
2
3
0
20
0
0
0
20
1
519607
0
1
1
20
0
1
20
2
20
0
2
3
4
5
6
2
2
20
0
20
0
0
0
2
5
20
0
2
6
20
1
1
20
1
0
1
2
3
4
5
6
7
8
9
0
1
0
2
20
1
0
1
2
2
20
2
20
0
0
0
2
3
4
5
0
1
20
7
0
1
2
3
4
5
6
6
20
4
20
1
5
6
7
8
20
4
0
1
1
3
4
5
20
2
0
0
2
5
6
7
8
9
20
1
660491
5
6
7
20
0
840456
0
1
1
3
4
20
0
2
3
4
5
1
0
2
0
1
20
0
0
1
2
2
4
20
1
1
2
3
4
5
6
7
8
0
1
20
1
1
3
4
20
0
0
1
2
3
4
4
20
3
0
1
2
3
3
5
20
0
0
1
2
2
4
20
0
908905
1
2
20
0
1
3
4
5
6
7
20
0
0
1
1
20
1
2
3
20
0
0
0
20
1
1
20
3
20
2
0
0
4
20
0
0
0
2
3
20
1
0
0
4
5
6
7
8
20
1
0
0
4
5
20
0
1
3
4
5
20
1
1
2
20
0
0
0
2
3
4
7
0
20
0
0
0
2
3
20
4
0
0
2
3
4
5
20
0
1
20
0
1
2
4
5
6
7
20
1
5
0
1
0
2
20
1
0
1
1
20
1
0
1
2
2
20
2
0
1
2
2
20
2
2
20
1
0
1
2
3
3
20
0
1
2
4
20
0
0
1
2
3
4
4
6
20
0
1
2
3
20
3
0
1
2
2
20
2
1
3
20
0
0
0
2
20
0
0
0
2
20
0
0
0
20
0
1
3
4
20
2
1
2
20
0
1
2
3
4
5
20
2
0
1
2
3
3
0
1
0
20
4
0
0
2
3
4
5
20
0
1
3
4
5
20
0
0
0
2
3
20
3
20
3
1
20
1
0
1
2
2
20
1
1
2
4
20
0
20
0
689432
0
0
2
20
0
0
0
2
3
20
0
1
2
3
4
6
7
20
2
20
1
20
0
1
3
20
0
0
0
4
5
20
0
0
0
20
1
1
3
20
1
0
0
20
0
0
0
2
5
20
3
0
1
1
3
4
5
0
1
20
1
0
1
2
3
3
20
0
1
3
4
0
20
3
0
0
20
1
0
0
2
5
6
20
0
0
1
2
2
4
20
0
1033833
0
1
2
2
20
0
0
0
2
20
0
1
20
3
1
2
20
1
1
3
20
0
0
1
1
3
4
5
6
20
0
2
20
0
0
0
4
20
0
1
3
4
20
2
0
0
20
3
506367
0
1
1
20
0
20
0
1000896
0
1
2
3
3
5
20
0
1
3
4
5
6
7
20
3
1
2
3
5
20
2
0
1
1
3
20
0
278229
0
1
2
2
4
0
20
1
1
2
4
20
2
624426
0
0
4
5
20
2
1
2
3
5
6
20
2
0
1
2
2
20
0
1
2
3
4
20
0
5
6
20
0
1
3
20
0
534870
2
20
0
1
2
3
4
5
6
0
20
0
0
0
4
1
0
20
2
1
3
20
1
1
2
3
0
1
0
2
0
20
1
0
1
2
3
4
4
6
20
0
1
3
4
5
6
20
0
0
1
1
3
4
5
20
0
0
0
2
3
4
5
6
1
20
2
0
1
2
3
3
20
1
0
1
1
3
4
5
0
1
20
3
1
2
3
4
0
20
0
0
1
2
3
4
5
5
0
1
20
0
0
0
20
0
0
0
2
3
20
0
2
3
20
1
5
6
7
8
20
1
0
0
20
1
0
1
2
3
4
5
6
6
20
0
0
0
2
20
0
0
0
1
0
20
2
1
3
4
20
0
1
2
3
4
5
6
7
8
9
0
1
0
2
20
0
0
0
2
20
0
0
0
20
1
20
1
0
0
20
4
20
0
20
1
0
1
1
20
0
0
1
2
2
4
5
6
7
8
20
0
0
1
2
2
4
20
0
2
3
20
0
2
0
1
20
0
0
1
2
2
4
20
0
2
20
0
0
0
2
3
4
20
1
0
1
1
3
20
0
0
0
20
0
515871
1
2
3
5
6
0
20
0
0
1
2
2
4
20
1
0
1
1
3
20
2
0
0
2
20
0
418283
0
1
2
3
4
4
20
0
0
1
1
3
4
5
0
20
2
1
2
3
4
5
0
20
3
1
2
3
4
20
2
0
0
2
3
6
20
7
2
20
3
20
4
0
1
1
20
1
20
0
0
0
4
5
6
7
20
4
1
20
2
0
0
2
3
20
0
1
20
0
0
0
20
0
0
1
2
2
4
20
0
0
0
2
5
20
0
1
2
0
20
2
0
0
20
0
20
2
0
0
20
1
0
1
1
3
4
20
0
1
3
20
0
0
1
2
2
4
5
6
7
20
6
619273
0
0
2
5
20
0
1
20
4
0
0
2
3
4
5
8
0
20
2
0
0
2
5
6
20
2
797323
0
0
20
0
5
20
3
0
1
1
3
4
5
20
1
0
0
2
5
6
20
2
2
20
0
1
3
20
1
1
20
1
1
3
20
0
20
0
0
1
2
2
20
1
1
3
4
5
6
7
0
1
20
3
5
6
20
0
0
0
2
3
20
0
20
0
0
0
4
20
1
0
0
2
3
4
20
0
0
0
20
0
614063
20
1
0
0
20
0
0
1
2
2
20
1
819833
0
1
1
3
20
1
0
1
2
2
4
20
1
0
1
1
3
20
0
5
20
0
20
0
2
20
5
0
1
2
3
3
5
6
20
1
0
0
20
0
1
2
3
4
5
6
20
2
0
1
1
20
2
0
1
1
20
2
0
1
1
7
20
3
2
20
2
1
3
20
0
2
20
1
999228
20
3
0
1
2
3
3
5
20
0
483281
5
6
20
4
2
20
2
20
3
5
20
11
1
2
4
20
1
0
1
1
3
20
1
0
1
2
2
20
2
0
1
2
2
4
20
0
20
0
0
0
2
3
6
20
1
0
1
2
2
4
20
1
1
2
3
4
20
2
1
2
3
4
5
0
20
1
1
2
4
5
20
1
5
20
3
2
3
4
5
20
0
0
0
20
1
0
0
20
1
0
1
2
2
20
2
2
3
4
5
20
5
0
0
2
20
0
0
1
1
3
20
0
2
20
1
2
3
20
0
1
2
4
20
0
25642
2
20
0
1
20
1
1
20
0
0
1
2
3
3
5
20
0
1
2
3
0
5
20
0
1
3
4
20
0
0
0
20
1
20
0
0
1
1
3
4
5
20
0
0
1
1
3
4
5
6
7
8
20
0
0
0
4
5
6
20
2
1
2
4
20
1
0
0
20
2
20
4
679184
0
1
2
2
20
1
0
0
20
1
1
2
3
4
5
20
0
1
2
20
3
0
0
2
20
1
2
20
0
20
0
559968
2
20
0
348204
2
20
4
1
3
4
5
6
7
8
9
20
0
0
1
2
2
20
1
20
0
2
3
4
5
6
7
8
9
20
1
267268
1
20
0
0
0
20
3
1
2
20
1
20
0
0
1
2
3
4
4
20
0
0
0
20
1
0
1
1
3
4
20
1
2
3
4
20
2
20
0
315064
2
20
0
1
2
4
20
0
0
1
2
2
20
1
0
1
1
3
4
20
1
0
0
0
20
1
0
1
1
20
0
0
0
20
0
2
3
4
20
0
1
2
4
5
20
4
2
3
20
0
2
3
20
0
895988
0
1
1
3
4
5
20
0
729029
20
2
1
20
6
0
1
1
20
0
0
0
4
5
20
2
328007
0
1
1
20
0
20
0
20
2
0
1
2
20
1
0
0
1
0
20
0
1
3
20
1
1
2
3
20
0
0
1
2
3
3
5
6
7
20
2
77585
0
1
2
3
4
5
5
20
4
1
20
0
2
20
3
1
20
0
2
20
0
0
1
1
3
4
9
20
0
20
0
773856
0
1
2
3
4
5
5
7
20
0
0
1
1
20
1
0
1
2
3
3
20
3
2
3
20
0
20
0
1
2
4
5
6
20
0
2
20
1
5
6
20
0
421768
2
3
20
1
587572
20
1
1
2
4
20
1
189034
0
1
