3
0
1
1
0
1
0
1
2
0
0
2
828793
2
0
0
1
0
1
10
3
0
1
0
0
1
0
1
5
0
0
1
0
4
0
4
1
0
0
2
0
3
2
10
0
0
0
1
0
2
0
0
0
0
0
1
0
1
828793
0
1
2
0
7
1
0
3
0
1
0
8
1
2
5
8
1
0
4
0
1
0
0
0
4
1
4
0
2
0
3
0
3
0
0
1
5
0
0
0
2
828793
3
0
2
0
1
1
0
4
4
2
0
5
9
0
0
0
0
0
2
0
3
0
1
0
1
0
0
1
2
0
1
0
828793
1
8
0
1
0
2
4
2
0
2
3
0
5
7
0
2
2
0
0
2
1
1
0
0
1
0
0
8
3
0
2
0
1
1
0
2
0
0
0
2
828793
0
1
828793
5
0
0
0
0
0
0
7
2
2
0
3
828793
0
0
1
2
1
0
0
0
0
0
0
828793
3
0
0
0
1
2
0
0
4
3
1
2
1
1
0
2
0
4
2
0
1
3
0
0
0
1
2
828793
0
2
0
0
3
0
2
1
0
3
0
0
1
0
0
1
2
3
1
0
1
3
1
0
0
1
1
4
1
0
828793
0
5
0
1
828793
2
0
0
0
2
3
0
1
2
11
0
0
0
0
2
0
1
0
0
2
4
1
0
828793
0
2
0
0
3
4
1
5
0
1
6
1
4
7
1
4
0
2
0
4
2
1
0
0
5
0
1
6
0
0
7
1
1
828793
0
0
2
5
1
1
1
6
0
2
1
0
0
0
7
0
2
0
0
1
0
0
1
2
1
5
0
0
0
0
1
2
4
1
0
6
1
1
828793
0
1
0
0
0
0
1
2
2
0
1
0
0
4
5
0
0
0
0
0
2
4
0
1
2
0
0
0
0
4
0
2
6
0
0
1
0
2
0
1
2
0
0
7
3
0
0
1
1
2
1
4
1
0
4
0
1
1
0
0
0
3
0
3
0
1
1
1
0
0
1
0
5
3
0
1
0
1
0
1
2
0
2
0
4
0
3
0
6
1
0
0
0
0
1
2
3
4
1
0
4
2
1
0
828793
1
2
1
0
2
2
0
2
3
0
0
828793
0
1
0
2
2
4
0
0
1
2
0
0
2
0
1
0
1
3
5
3
0
0
0
1
1
0
4
0
1
6
0
0
0
1
2
8
0
0
5
0
1
0
4
828793
0
0
0
0
0
6
2
0
0
1
0
0
1
0
1
4
4
2
0
0
2
0
0
1
2
0
0
0
3
0
0
2
0
3
0
3
1
2
0
1
0
0
1
0
0
4
0
0
828793
0
1
0
0
0
0
828793
0
1
2
4
0
1
0
0
2
3
0
828793
1
0
0
0
0
0
2
1
0
0
0
5
2
0
828793
1
2
5
0
5
2
0
1
0
4
2
4
0
0
1
1
3
5
0
0
0
1
0
1
4
2
0
0
4
2
1
1
1
1
4
4
0
2
0
1
0
0
0
1
1
0
4
0
0
0
5
828793
0
1
0
4
0
1
0
1
3
0
3
1
0
0
0
0
2
0
9
0
2
5
1
0
3
0
0
4
4
0
0
1
0
4
2
5
4
13
0
1
0
0
2
2
0
0
1
1
8
0
4
0
1
2
0
828793
0
0
7
2
0
2
2
0
1
1
2
0
0
