20136457
1973402
61084235
29783014
67012345
2587301
59064271
81320456
97580123
43560127
57394012
45012367
69187023
76320415
91056234
42350167
16203457
89012345
90781234
32401567
30412567
8354012
52637014
70912345
67801234
74035126
14203567
96354012
32014567
62730145
51602347
12034567
23014567
98501234
54132607
67012345
31840256
830412
89150234
89012345
1203456
16902345
39627014
13940256
86037214
67034125
30712456
50123467
32548790
19023456
85729013
71620345
9837401
61702345
28340156
84091235
23014567
46170352
91506234
31682405
21549687
56704321
67012345
24938015
31450267
93012456
10623457
32184056
73480125
43192056
82301456
10273456
45012367
9238701
90415823
15203467
86923401
97058213
80123456
80123456
93801245
75860123
43501267
15360247
34501267
89012345
9157203
78530412
17593204
8341650
92387504
46590371
9251034
74801235
86910723
29741603
61203457
695012
1023456
76542801
