78901234
68495012
59386012
10972345
85601234
85937012
96012345
24569701
36245017
8240365
37801245
61720345
52340167
17802345
91573204
63470125
28790134
58760123
12376890
34012567
39401256
26580713
12034567
78012345
36872401
9807123
26570134
60712345
2309415
49601235
58601234
61897023
27964013
36701245
35712806
13402567
45760123
12037456
76140382
12034567
80192345
18203456
97084123
13204
98560123
2153087
14325067
60231584
63578012
74801235
8239014
45012367
9510234
57601234
98701234
32546017
50197234
18945023
49315026
98401235
3814056
60135274
76980123
41783592
97423015
5478012
102345678
25601347
60172345
51840293
93012456
12034567
75102346
50162347
2870951
39105426
58230146
59172034
54061237
40123567
43657012
36851402
41805723
83901245
41502367
93140256
75120346
39874012
89501234
65701234
10234567
1694370
28301456
86059123
89012345
96037124
96527013
92630145
87590123
79280134
