382701
36742981
56207938
87605932
95032617
36178420
50612874
38067492
72063845
17450682
40567918
21049685
51483702
9265341
698742
92176430
87915430
53268147
68903427
63012859
87491320
972564
3917520
3081675
7431680
81479
52807493
1479586
94853270
56348201
5620978
8723516
40937125
62817945
1674095
132079
24980765
786194
59473812
1478920
29875416
76530948
46251093
72035941
3250187
6725938
34827516
12806975
62385149
58127609
7310492
5469831
491805
92874031
58120346
12605347
43602975
89456130
12863470
5169283
61297035
17506
80271349
42931856
63278501
27153984
27580439
46910352
26179834
82796435
5812903
9256138
92078631
38265190
54367089
5723861
4750283
65293781
93816574
2397065
18562970
10645823
394061
8764015
2513098
64582937
1489675
74126835
63495107
548792
61023547
16935480
390865
36425891
91302645
62037951
78690312
48927531
58019643
41582730
