100
20136078
1973347
61083997
29781791
66445817
2587203
59064258
81318547
97576075
43555827
57393282
44028761
69186465
76320355
91055840
42346703
16177540
88320597
90775303
32350604
30301522
8353666
52636473
70903990
67773370
74034728
14133202
96353697
32014495
62723660
51571353
11163064
22607034
98491552
54132520
66793909
31831218
830382
89150124
88952465
1123614
16900104
39626478
13929978
86037212
67033842
30701491
49965434
32548787
19012694
85728230
71612881
9837350
61628336
28320587
84083422
22593084
46170341
91506048
31682343
21549685
56704320
66714793
24937888
31436273
92936774
10611559
32181633
73473263
43192022
82283206
10271021
44449654
9238689
90415804
15129691
86923328
97058176
79936352
79909897
93789219
75856971
43370091
15355876
34401759
88809178
9157185
78530319
17593109
8341642
92387503
46590347
9250955
74755759
86910671
29741602
61141102
695011
989258
76542623
