100
78788232
68494478
59385716
10969041
85594089
85936964
95990578
24569521
36243811
8240364
37799281
61718660
52327539
17713981
91573179
63463619
28781680
58750428
12376886
33660396
39366476
26580663
11944331
77894123
36872331
9806827
26563618
60639074
2309351
49598920
58529143
61896522
27963934
36623097
35712804
13311288
45746223
12037323
76140369
11223423
80191246
18166756
97084055
13119
98557075
2153086
14322705
60231582
63575997
74790926
8237975
44988853
9509933
57576978
98677399
32542792
50196911
18943952
49314604
98389421
3814054
60135263
76975620
41783590
97422952
5477861
98886082
25593585
60171421
51840286
92946447
11824379
75101726
50156186
2870950
39105371
58224692
59170949
54059026
40006975
43656471
36851307
41805712
83887799
41498807
93137029
75116846
39872883
89491155
65504325
10074455
1694361
28214775
86058979
87986443
96036933
96526271
92629496
87576090
79272253
