100
382697
36742980
56207934
87605931
95032614
36178409
50612873
38067491
72063841
17450639
40567913
21049683
51483697
9265340
698741
92176408
87915426
53268140
68903425
63012857
87491306
972563
3917508
3081674
7431659
81476
52807491
1479583
94853267
56348197
5620974
8723514
40936875
62817943
1674093
132078
24980763
786193
59473810
1478906
29875413
76530942
46251089
72035918
3250186
6725934
34827510
12806974
62385147
58127604
7310489
5469830
491803
92874016
58109764
12604987
43602971
89456127
12863459
5169280
61297034
17504
80271346
42931850
63278495
27153980
27580436
46910328
26179830
82796431
5812796
9256137
92078615
38265179
54367082
5723860
4750281
65293780
93816572
2397064
18562947
10645798
394058
8764013
2513097
64582931
1489673
74126830
63495102
548791
61023498
16935478
390864
36425890
91302587
62037948
78690254
48927530
58019642
41582709
